alpha=0.3

[2, 13, 14] [0.10060041 0.37530416 0.52409543]
[18] [1.]
[6, 9, 16] [0.09904215 0.53949617 0.36146168]
[9, 13, 16] [0.17197311 0.32918411 0.49884278]
[16] [1.]

relative
[2, 13, 14] [0.11742432 0.38043106 0.50214462]
[18] [1.]
[9, 16] [0.5313868 0.4686132]
[9, 13, 16] [0.11436222 0.37391909 0.51171869]
[16] [1.]

на той же реализации
(array([ 2, 13, 14], dtype=int64),)
[0.10060041 0.37530416 0.52409543]
1354.316315640877
(array([18], dtype=int64),)
[1.]
31140.472643765203
(array([ 6,  9, 16], dtype=int64),)
[0.09904215 0.53949617 0.36146168]
8460.10916355796
(array([ 9, 13, 16], dtype=int64),)
[0.17197311 0.32918411 0.49884278]
4128.112305151364
(array([16], dtype=int64),)
[1.]
1088.8063748171057

relative
(array([ 2, 13, 14], dtype=int64),)
[0.11742432 0.38043106 0.50214462]
1360.6440457461674
(array([18], dtype=int64),)
[1.]
31140.472643765203
(array([ 9, 16], dtype=int64),)
[0.5313868 0.4686132]
8183.508321557584
(array([ 9, 13, 16], dtype=int64),)
[0.11436222 0.37391909 0.51171869]
4104.774369914826
(array([16], dtype=int64),)
[1.]
1088.8063748171057

на свежей реализации
(array([ 2, 13, 14], dtype=int64),)
[0.10060041 0.37530416 0.52409543]
1198.4336215227036 603.8754716019555 1866.944167447403 11.907958558874936 14314.460268260806
(array([18], dtype=int64),)
[1.]
3595.1690393000963 455.55531116311454 15444.48957283993 0.33778523473268024 245693.27092447729
(array([ 6,  9, 16], dtype=int64),)
[0.09904215 0.53949617 0.36146168]
7863.115171143143 1628.2919031424053 24595.23468517031 2.3123289033491847 314559.87158349645
(array([ 9, 13, 16], dtype=int64),)
[0.17197311 0.32918411 0.49884278]
5477.0641502380295 2315.406355418696 11097.880215175179 9.858258677970294 124631.7367185974
(array([16], dtype=int64),)
[1.]
20973.520975010848 3389.3409188669293 79555.25454944442 8.23544655382547 919250.2156368555

relative
(array([ 2, 13, 14], dtype=int64),)
[0.11742432 0.38043106 0.50214462]
1187.8735383894511 599.9034048905567 1843.174650018736 13.171459376472251 13278.689268515396
(array([18], dtype=int64),)
[1.]
3595.1690393000963 455.55531116311454 15444.48957283993 0.33778523473268024 245693.27092447729
(array([ 9, 16], dtype=int64),)
[0.5313868 0.4686132]
11560.080027950631 2388.004987428415 36613.140560185755 2.347046611761918 509331.1030824565
(array([ 9, 13, 16], dtype=int64),)
[0.11436222 0.37391909 0.51171869]
5043.143578467224 2149.2365830556296 10437.864237121863 11.439202396981868 119476.95770429556
(array([16], dtype=int64),)
[1.]
20973.520975010848 3389.3409188669293 79555.25454944442 8.23544655382547 919250.2156368555

average
([2, 6, 9, 13, 14, 16, 18],
 [0, 1, 3, 4, 5, 7, 8, 10, 11, 12, 15, 17],
 array([0.02011252, 0.01981931, 0.14230396, 0.14085084, 0.10476357,
        0.37210424, 0.20004556]))
5153.209734664544 2541.7197728718434 9001.341244381878 17.70310176142503 86518.4507805716

relative
([2, 9, 13, 14, 16, 18],
 [0, 1, 3, 4, 5, 6, 7, 8, 10, 11, 12, 15, 17],
 array([0.02348448, 0.12915324, 0.15084598, 0.10041467, 0.396093  ,
        0.20000863]))
5465.542597164272 2636.8001990629914 9736.415107580166 18.165097231687735 97908.27270493221

alpha=0.01
15425.199727601212 3962.8456049477645 47722.129787948455 8.433452797273308 633538.6672771911
relative
15428.614683257592 3952.4967001914456 47728.04207816693 8.462328768503328 632336.3352792456

alpha=0.1
16121.743091920103 3929.876202421775 51629.454721569426 7.962113100178988 701571.0524938348
relative
16311.58357658335 3890.232339479302 52500.74120093068 8.259737733448883 695775.074904196

alpha=0.2
17570.77049379642 3823.174930028978 60288.86009215591 6.848977559072386 865255.2730141187
relative
18161.74600200361 3733.9306255535203 63263.57224644108 7.204771774092409 869563.9977618523

alpha=0.3
17948.804865384343 3762.8481707974925 62177.76592888542 7.0794819222240175 868622.9105613403
relative
18973.333869237646 3733.410606654441 67560.97851302596 7.64947148300699 866768.3921133507

alpha=0.5
19167.236247678728 3680.275709852206 68628.58775299613 7.747394573972739 864578.6477728355
relative
20973.520975010848 3389.3409188669293 79555.25454944442 8.23544655382547 919250.2156368555

log
15262.629581783784 3990.2520292208164 46791.53434175323 8.640607209923221 613552.7782458843
15262.629581809828 3990.2520292276395 46791.53434183324 8.640607209938093 613552.7782469323

1000
uniform
886.8111999943595 509.0318908200254 1398.5031945946996 16.875746118696288 21968.850011879487
93.10578484048655 2759.8141874828793

log
16057.907611028262 3990.2520292276395 59873.46513324674 8.640607209938093 1232448.6029111205
343.8239242106986 57225.11065515027

0.01
16235.667418473506 3981.869978026436 60932.29692429206 8.433452797273308 1249432.9691096551
337.5251294404163 57369.06477519846

0.1
17040.036881061365 3952.563427891223 65847.13221498193 7.962113100178988 1320206.6898222384
326.84291752781627 59210.590980288085

0.2
18687.784179933966 3928.252049139761 76211.44127495064 6.848977559072386 1457702.6859303243
292.44333741388976 65482.58755429437

0.3
19219.719484511905 3861.504878684591 79808.81170094907 7.0794819222240175 1491879.208468237
300.3465724678949 63725.15606901553

0.5
21033.186492293462 3710.54227444588 93607.37102023324 7.747394573972739 1580545.9734635488
269.03434371728923 66083.23421808142

relative
0.01
16242.879709249039 3982.2229913262017 60979.95276535345 8.462328768503328 1249773.9546118958
338.0032434639699 57288.69324841652

0.1
17316.183268618977 3890.232339479302 67656.13684997987 8.259737733448883 1338365.281314961
326.2014160925474 60374.62158298639

0.2
19524.950471558728 3795.0330812306347 81952.15587716333 7.204771774092409 1509794.9722804362
295.28230134961103 62745.855656308944

0.3
20732.5204805544 3744.967768626986 91123.4105843449 7.64947148300699 1568760.2668760472
277.2814757531122 66744.46150672183

0.5
24179.619684182057 3345.6623214541123 126108.15286377518 8.23544655382547 2759050.9249896263
219.37919022218827 76860.57367718371


One year (252)
uniform
		  1.164270524349007 1.1540895556249682 0.1838492205596855 0.7079789088411282 2.025903251325216
		  0.8951830316814888 1.495881319199073

	1.1647217991503902 1.1519829178468188 0.18400840270666394 0.6710851657005331 2.025903251325216
	0.8914227245216182 1.4902529658529067

10000
1.1637165610811417 1.1510855635074204 0.18224356830577076 0.6498629860298526 2.025903251325216
0.8914576534962304 1.4870646354514403

log
		1.2505759613338867 1.2227054983225396 0.302396027084698 0.6471211567202849 2.943137608755078
		0.8189921030807783 1.771851303468722

	1.2476920937610894 1.2171147306063004 0.2935597013393172 0.41136768129108725 2.943137608755078
	0.8232659122272451 1.7811986055751752

10000
1.242018709516801 1.21257141354495 0.29210716623094485 0.41136768129108725 2.948174339219565
0.8199759490055001 1.771943311745977


0.01
		1.250951369590172 1.2226443634492048 0.3036127074189832 0.647617235517732 2.952922061519057
		0.8165851440713561 1.7736607945498735
10000
1.242292346921944 1.2122323166963627 0.2932633555302353 0.4101260183447025 2.952922061519057
0.818163815288468 1.7751523691695867

0.1
	1.2525114896024603 1.2208023638818695 0.3084676022909037 0.6438918628348226 2.9833898095117877
	0.816523938394713 1.7810811015011776

10000
1.243318701498418 1.2117926764019837 0.29793003329091566 0.4032558880602636 2.9853659164558284
0.8141016999946816 1.779028916152521

0.2
	1.2555830167161175 1.220615103771689 0.3192510756836421 0.6350350734551288 3.0501100511020973
	0.7989947432212328 1.802860761419063

10000
1.2454061216078418 1.2101305777383855 0.30826128503800143 0.3910557947114431 3.0501100511020973
0.8042443488987145 1.8012511291450701

0.3
	1.2563486190376985 1.2231585691401363 0.3214704901586338 0.6300301473795118 3.04981989538422
	0.8011103728039829 1.8100508655800034

10000
1.2457509617342202 1.2096312220975936 0.310476724872658 0.3853996215284803 3.0833717891434604
0.8009366205979069 1.804644152363332

0.5
		1.2588296522469296 1.2236484242623022 0.33052004772143556 0.5984389978364424 3.047644104349609
		0.7883560304113975 1.8398098305093142
	1.2534946215930356 1.21416007143434 0.32108209131322873 0.3674550348124818 3.047644104349609
	0.7959851643688125 1.8369737888697384
10000
1.2468591287564939 1.2075319330653504 0.3195462546595491 0.3674550348124818 3.227117187519348
0.7916517101088214 1.818458514748667

relative
0.01
1.2422880271049426 1.2124555723563621 0.2932555118482228 0.4099520680430286 2.953508790382019
0.8182426833405101 1.7755438248740527

0.1
1.2434591673228845 1.2108538217759217 0.29887166878253757 0.3994538165052019 3.015423655341757
0.8131663815049903 1.7825991572164483

0.2
1.2459445270773428 1.209140214053645 0.3118471511549831 0.3822395250369959 3.1080088328534354
0.799102661378248 1.8068919801562449

0.3
1.2466820354090054 1.2072117317524578 0.3178988470640428 0.37029854857151706 3.203702935763102
0.793426478340777 1.8178042837667172

0.5
1.2485796398387785 1.2069980110968244 0.33935926558842183 0.34032640390431634 3.4636441416061263
0.7706195080218701 1.8606428105366923

NYSE_2
std annual
uniform 0.155
log-opt 0.233
alpha=0.01 
ordinary 0.234
relative 0.234
alpha=0.1
ordinary 0.237
relative 0.238
alpha=0.2
ordinary 0.245
relative 0.248
alpha=0.3
ordinary 0.247
relative 0.253
alpha=0.5
ordinary 0.254
relative 0.269



