3.419547765444613422e-05 1.812661767302011138e-05 1.412708799178022945e-01 1.543162726043804250e-02 1.205295038416518081e-05 1.418053600813745330e-05 4.935314794713526241e-06 2.407112979437321044e-05 3.068143871239166856e-06 1.031250800954225195e-06 6.196496574319228453e-06 2.041162040868936949e-05 5.620158398846239852e-05 3.664187498223216433e-01 4.765306350676953295e-01 8.491467648584501325e-06 5.193713310141617441e-05 2.756903727074512780e-05 6.563917176944426238e-05
1.743982808782431490e-05 2.011153707270567106e-06 1.735814335107010479e-05 2.950378075288289659e-01 1.130837139717303138e-05 9.168033318793449734e-06 4.640955447195858551e-06 8.559628216740894675e-06 4.703720046106260750e-06 2.465354402377835686e-05 3.765949878800114631e-06 2.975990417988189121e-06 1.714677624266309878e-05 6.823162334022912357e-06 8.935510991317434062e-06 4.393833880282451868e-06 1.591322560500735392e-05 2.207937165587610490e-05 7.047803152725691245e-01
6.254851202089573231e-05 5.190983500802040896e-06 1.176169324324951783e-05 4.761482613187797786e-06 2.643803497280933171e-06 2.453606766566808488e-06 1.316363440739344581e-01 1.701048687417581402e-05 1.877570975816517958e-05 4.643555491922279899e-01 2.737347367033366591e-05 2.820262614436409621e-06 5.289654447343160125e-05 2.428421165447319291e-06 5.131056482949977640e-05 2.425013476366754086e-06 4.036989941966093176e-01 4.589975977373481061e-06 4.012200274696875598e-05
6.840959570364435822e-06 3.014267973624253816e-06 1.459038620648167062e-05 5.935948538069493854e-06 1.626970888247881596e-05 4.568565320401420094e-06 5.924311156592467945e-05 6.893353701245810246e-06 6.095129980638058278e-06 1.366268784070279463e-01 1.490382297956731637e-05 2.081832170297352330e-06 2.386543706836127948e-05 3.742835388261582796e-01 8.632303999283207801e-05 7.256517798929318258e-06 4.887993013992273927e-01 1.611596482445521735e-05 1.628332101272932756e-05
6.816619039387945554e-06 1.571219107520464106e-06 5.127964304351767671e-06 3.389800860326916895e-06 2.132809385862020974e-06 2.119265841810254193e-06 2.498884206326377469e-06 3.188019566815352905e-06 1.400779810830145466e-06 8.893003089297192422e-06 2.552911039309694798e-06 3.535925819648674830e-06 3.165749811378567384e-06 3.001197677014772782e-06 4.987846914107953980e-06 4.170035497682764679e-06 9.999326922245055371e-01 7.127796204322690715e-06 1.627947318382178964e-06
1.434114152395270345e-05 7.425777079579135998e-07 1.466568069101789906e-05 2.072955562027184451e-01 1.372651362718262092e-06 2.747645402597881078e-06 1.536502769392994714e-06 6.647274762827205184e-06 7.156313781953971393e-07 5.443582779638255083e-05 5.191281348671250166e-06 1.014349431137483004e-06 2.002996096258179703e-01 1.321099860347589480e-05 8.219574257814142809e-05 1.485385637469152927e-05 5.921481283552990638e-01 3.707081877262258018e-05 5.963835660651313013e-06
1.735168765650728627e-06 5.408649023533655570e-07 1.206441447779947412e-06 4.448678187379154007e-06 8.952557735558321290e-07 1.458206230190923359e-06 1.506694415431557015e-06 3.916688304544716774e-06 1.843667604562306457e-06 9.999556757842584798e-01 5.634466499084680988e-06 1.077769841285249622e-06 5.666666342900137232e-06 1.157436448825145192e-06 1.888856056528721646e-06 1.416999618588634999e-06 4.683434246452054549e-06 1.073931941945196160e-06 4.172989114314767405e-06
3.312877417699151374e-06 2.569616686704172899e-06 6.809392602143234574e-06 2.929966198935236920e-06 1.639054864425834238e-06 2.724999432599396314e-06 9.824766246497577326e-07 3.469515389842029322e-06 7.490577952658815847e-07 4.733054097493309964e-01 4.157291733769773767e-06 1.171776328840873372e-06 4.623311717127178927e-06 1.269763303877509696e-06 6.729648170645466156e-06 4.120811407522894595e-06 5.266314571666332878e-01 5.865290103230201297e-06 1.000823425860328537e-05
4.792455151813428510e-06 1.094728137047765433e-06 8.484675920866354776e-06 9.896645121696453278e-06 3.122139413169108717e-06 2.693600547567162996e-06 2.331840678853656982e-06 4.166773819655218595e-06 2.156222828743470049e-06 2.755251453681267226e-01 5.635459502915859806e-06 1.366167382071590367e-06 7.491029756954451005e-06 2.156744634167631158e-06 3.701754433866816306e-05 5.898123108786552977e-06 7.243682426986223222e-01 7.322177220824229039e-06 9.856056872302675156e-07
3.625687510160666139e-06 2.346497240136560394e-06 5.215269043639102773e-06 4.927667666238320340e-05 2.014835736235452076e-06 4.209234592211133537e-06 4.513831660784336369e-06 3.461177777746457271e-06 2.117360845737582311e-06 1.332110148132537077e-05 3.883338849349499715e-06 6.256903623400264239e-07 7.639486060790607973e-06 3.549168583154247140e-06 7.259814191934908227e-06 2.985050652217511014e-06 6.381140277171387654e-01 1.011326868699282206e-05 3.617598147929241281e-01
6.189437751660022960e-05 1.596021053166014304e-06 4.401946010511657414e-04 4.362298724498770430e-01 1.030204994063166307e-05 4.473455065631200034e-06 1.410967901894791044e-06 5.166918870893134408e-05 1.867727581176344765e-06 2.751879514359670820e-01 1.213130971223479571e-05 4.505732826017374527e-06 5.809493088373430397e-02 1.743558123949488726e-05 3.486865952879141385e-04 1.591920513062864727e-05 1.812162288672519673e-04 2.293259524357388335e-01 7.989752799883625322e-06
8.738160492378746252e-05 4.620635104190332076e-01 1.340604073726720578e-05 1.561104685550649134e-05 3.760684081315306923e-05 8.845618160584908731e-06 5.039074424388483334e-06 2.295551580650727089e-05 2.700451391259600968e-06 1.096025497656907533e-06 1.230758418789881380e-06 5.366150801461395905e-06 1.023543932355816869e-04 5.372795130964040933e-01 8.572012002659058088e-05 5.346480800376949347e-06 1.133442743519844808e-04 1.131932827045613652e-04 3.577880561324218821e-05
7.234406864011450244e-06 5.538295592204168060e-06 2.442961252687067170e-05 1.043363204341712203e-05 7.367410501442034147e-06 2.143404097278823369e-06 5.095336649802581940e-06 6.208931939986694166e-06 2.501814895774038456e-06 1.017703635731960988e-05 3.117645069860894140e-06 1.144690966489567969e-06 1.888511995928115556e-05 1.240235508669486217e-06 5.178923025595135159e-06 1.367375907992489281e-05 7.750080136867317782e-01 1.137513509351973844e-05 2.248562409230969450e-01
6.145665380683401928e-06 2.596383212159638094e-06 2.805033814720565300e-06 3.704920358267108703e-06 2.240357039816980944e-06 3.038733156257571086e-06 3.207597753718392576e-06 6.876761098463439760e-06 4.252799385861924591e-06 9.998639831707055725e-01 3.560488570246505099e-05 2.281467251813741152e-06 2.823911854456155818e-06 3.024435226799244502e-06 4.569513081812692067e-06 4.060404175507363120e-06 1.311511030486113024e-05 1.181021155702641548e-06 3.448782934101336193e-05
1.603928924051482561e-06 7.222634309937651858e-06 1.789383551995115477e-05 1.775170103316117687e-01 2.126075664902565276e-01 1.732298743171730882e-05 2.501042782495650899e-06 9.032510988969803562e-06 4.171400962332367562e-06 2.990075371635943537e-06 1.530591039213240975e-06 2.279092879739540678e-06 2.873205764615649997e-05 6.320407138961634741e-06 1.629342614122972338e-05 1.202310425721020543e-05 6.097210372470990292e-01 1.651147461725276135e-05 7.957361021707154975e-06
1.108729464983326029e-05 5.134903629335554740e-06 1.083852967115435929e-05 2.972720936308614488e-05 2.725921691528245784e-06 3.670512966445668578e-06 1.249869339483780012e-05 1.016257648739985191e-05 4.626010377596609457e-06 3.802430332150193437e-01 8.216292369417976202e-06 4.761473887649648752e-06 8.192997247673220962e-06 2.468660149936354464e-01 9.253272746391323308e-06 5.330509998646767350e-06 1.001748258476002490e-01 1.629717221753417531e-05 2.725736025730463030e-01
3.122271455122848632e-06 4.280292728026974827e-06 7.705047302840438569e-06 3.234726972213081867e-06 3.205254485474080954e-06 1.904343222260847825e-06 2.745234230475021441e-06 5.141994596389698204e-06 1.951462231603593321e-06 3.253474859068785641e-01 7.558682382514534382e-06 2.245854159439007233e-06 7.317604914366717697e-06 1.544791892070328125e-06 1.695099637824670278e-05 3.431586346869098280e-06 7.223606325310819308e-06 1.632246385502278293e-06 6.745713180971125711e-01
5.355178567384980561e-06 5.535544665279923541e-07 4.874059719087261914e-06 8.989744069206086682e-06 1.952879018651092084e-06 2.522220258060785386e-06 1.036387879614261848e-06 5.460643450487778886e-06 8.701508878772589817e-07 5.691402294707018725e-06 2.725274661529466178e-06 3.310587191965763595e-06 1.562559372179326704e-05 1.845779224597809970e-05 1.100619657359421387e-05 3.123472282778490481e-06 5.058783275688067960e-01 4.940068825376116579e-01 2.323475629230825406e-05
4.728189099045435962e-06 1.558888647204789717e-06 4.935663644050916702e-06 2.569527557366334589e-05 1.154798917831260909e-05 1.488612167373612905e-06 8.689650653773880250e-06 4.408392247837430999e-01 4.394131186431721088e-06 6.357497260176050211e-06 3.541498149752731767e-06 1.223943904154158792e-06 1.064641051526189620e-05 2.553000931350460352e-06 2.140613381404285052e-06 1.016801511979124587e-05 5.590063955528661310e-01 5.253500050014489076e-06 4.945678392894758323e-05
5.168181414705002086e-06 4.390843000356492959e-06 1.688399728028493841e-05 3.294071392655887180e-06 1.555958531091915816e-06 9.919511234303133133e-07 8.124699502702379202e-07 5.410344952634627692e-06 7.721471711971882085e-07 4.417189006117386872e-06 2.974910065808778477e-06 2.016527695001830724e-06 1.609919327500758371e-05 1.106510546813058716e-05 3.665391896897475794e-06 2.366740590664681364e-06 9.998982718107518597e-01 5.167674347173418875e-06 1.467549208663609529e-05
1.113076777036350587e-05 1.344711436036509658e-06 4.448870334208989671e-05 1.679157698753795734e-05 2.348782305114877764e-05 6.347928623947056521e-06 1.302489800601936845e-06 3.849047920600648101e-06 1.716712522939094537e-06 3.400692347511279870e-07 1.818307908148831010e-06 1.228586900989619823e-06 1.720612542119973887e-01 9.771573477990408516e-06 8.600607233517812422e-02 6.196827212952054591e-06 7.417792369722994161e-01 1.980588510433133021e-05 3.815469230731648126e-06
2.192982544614627312e-05 4.608755624055111767e-07 4.342430743284639019e-06 8.707396512854515534e-06 6.975313104723692714e-07 1.037886428580009567e-06 1.294793060309289526e-06 3.045270806285646684e-06 5.244104380926888792e-07 1.624073162185340436e-06 1.636667205466731753e-06 1.692032673747867518e-06 9.998872691271326607e-01 2.826426327170862270e-06 1.580216817481296194e-05 2.050727186407012728e-06 3.793211455390123831e-05 4.017726398343117722e-06 3.108516876867527110e-06
3.801804340068570869e-05 4.132505084673096478e-06 5.942611312920988777e-05 1.041360261880702302e-05 1.637738350458648856e-06 1.152862144576172255e-06 1.544592560341807346e-06 2.363987942658183470e-05 7.482855212253028138e-07 4.127052482665197047e-06 2.488712885634255768e-06 2.205725584595435324e-06 3.644803016902105064e-01 1.033609978984614780e-05 2.993230760610345530e-05 1.994776423650044921e-06 6.352975749332363531e-01 1.320841939326418955e-05 1.711666015112051238e-05
8.871613917874351756e-06 2.325492511370737060e-06 1.408897275721553037e-05 1.486750246472965620e-05 4.016002753698789790e-06 3.562096695651297751e-06 1.421813407973479762e-05 1.557525973497136005e-05 4.250592350120094874e-06 1.184714104260083356e-05 1.064065536986562852e-05 1.577118767911599717e-01 7.377942515422804270e-02 7.770011785899369434e-06 2.827490857840234457e-05 5.970487391059993174e-06 7.683459665943462857e-01 1.332736145080161779e-05 3.125227381608376613e-06
1.280534088720143440e-06 7.258704470481148142e-07 6.782283419294703457e-06 5.173920497254513760e-06 1.098786294255409879e-06 5.753805163837137339e-07 4.365545478951621055e-07 6.485971494131675894e-07 4.897910865646337666e-07 1.899012612212225966e-06 8.804154064649168530e-07 3.584579508046441066e-07 4.469517878123279711e-06 6.490931064831972917e-07 1.773149746284239744e-06 1.778610575379562383e-06 9.999675554976756864e-01 2.169229541531845031e-06 1.255297460151746556e-06
1.062445588643215277e-05 1.537433623601166160e-06 6.726541429271285312e-06 2.200353553217820985e-05 5.371376285544980353e-06 1.914771113711511064e-06 4.779115017639488976e-06 5.120147438428666258e-06 2.466197947456360664e-06 4.480922915812823786e-06 3.343494332076183442e-06 6.164028463482637888e-06 1.853346987022520728e-05 2.409500280389290552e-06 6.931426330949131964e-01 2.434854974028145329e-06 3.067473249602077900e-01 9.690651980616048021e-06 2.441447788124083720e-06
3.221969156621857444e-06 1.097208962374480210e-06 6.576119829560620887e-06 4.561259129904731276e-06 2.229255630750717435e-06 3.616311714251029157e-06 1.369606124619669996e-06 9.733227516567888700e-06 8.268890062577748987e-07 1.131151897671072612e-05 6.208806802970349577e-06 2.168848119264158714e-06 3.600944366086202279e-05 8.559945661986872713e-07 2.613342456675428614e-06 2.842557816098769947e-06 7.991782863805486636e-01 7.004375393090706437e-06 2.007194668845886654e-01
4.196037684269285374e-06 5.393771439276800390e-06 2.746245726776009026e-05 1.844706920333046921e-05 4.535927557655074071e-06 2.937832943674771670e-06 2.734416508543766547e-06 4.138363559732941527e-06 2.053089002269306505e-06 4.366716327310473666e-06 3.526816123678405195e-06 6.063718975029207362e-06 4.716017303661757212e-06 4.766324655345900064e-06 4.358217946118352240e-06 3.728939075978533506e-06 5.735766567419464668e-01 6.926157067701993032e-06 4.263129913854122321e-01
1.285881779163257382e-05 6.016469173457578844e-06 4.823048286254351088e-04 2.082321024371822121e-05 1.494029877602405545e-05 9.182900085383473822e-06 7.319911775353770978e-06 2.628765202804273445e-05 2.629414488674533641e-06 2.600025567820389720e-06 6.448634839108144334e-06 1.395430203969669545e-05 9.792588582129527111e-05 1.705972598974761801e-05 8.251461452747394805e-06 4.919389024998656782e-06 7.308718730379095696e-01 1.385438563606393813e-05 2.683807496487312094e-01
4.538635498041186834e-06 1.076336977774337781e-06 1.260080179094206544e-05 3.517875802545203256e-06 2.228555417445412371e-06 2.581381224116514931e-06 5.909975686164632771e-07 8.983675587831622155e-07 2.384669623924132467e-07 8.121080420784409015e-06 1.597203248811221729e-06 5.732240544139978174e-07 3.240089931699745894e-06 1.910224876059458292e-06 4.827742470841088963e-06 1.722980739456527433e-06 9.999425228527308862e-01 4.938092657543019414e-06 2.275090068869918938e-06
1.564363282326771131e-05 1.639821849315346207e-05 2.828642887389303356e-05 1.775625198578947741e-05 4.890932542206446214e-06 3.457270364161624459e-06 1.388860181219985711e-06 5.715394339637562816e-06 1.763642457298578797e-06 1.034203077759203705e-06 3.362309368660771752e-06 2.221748858086613181e-06 7.354521405591304479e-06 5.692642911330157984e-01 2.223695098317578776e-05 3.205229776286751407e-06 4.305662088279241795e-01 2.050418456565332068e-05 1.428025896406182927e-05
1.786300421944334262e-06 3.248744213233544026e-06 3.751527909133900995e-06 4.158967033319204010e-06 1.347202179689520139e-06 1.157383439213372773e-06 2.221878903271566471e-06 2.697750786258154274e-06 1.238422552654459306e-06 1.185229418853088884e-01 6.894586567853330743e-06 2.762982263202822660e-06 4.766184906372872674e-06 1.017351373780709730e-06 7.731121788047216396e-06 2.319709828102927284e-06 8.814211738156255693e-01 2.438843490588035948e-06 6.345341408771093386e-06
1.671195826875377977e-05 9.522038902694739956e-07 7.463572540894395553e-06 8.748543349097234921e-06 4.528348357817127592e-07 8.203365928200945181e-07 1.168198382222505972e-06 2.190010769765213156e-06 6.043088853704406693e-07 1.855633538649435589e-06 2.024029268888553117e-06 5.674952931831036858e-07 1.799470640647794724e-05 1.957007275273930591e-05 9.998888670117419553e-01 2.441278388764755749e-06 6.947965626478933438e-06 1.940319305545727148e-05 1.216646412335107132e-06
5.828288909841711782e-05 1.482222036488701874e-06 2.096146424652759149e-05 1.290195703137735823e-05 6.301630124717674447e-06 2.298013311098553940e-06 1.896781543654509830e-06 8.823723711488220517e-06 1.022824576032960566e-06 2.754186948996056444e-06 2.550909197960909978e-06 6.882473111262540551e-06 7.683234605917921289e-01 4.698514196073074606e-02 6.075495076915653908e-02 4.562826785250597060e-06 1.235070294144257758e-01 8.163013437640906421e-05 2.170652277951245698e-04
5.810024400057802225e-06 9.822668040181794123e-07 1.201898694550830279e-05 2.311037668918472802e-06 2.056746232278140349e-06 1.222033874100760884e-06 5.928634634648754960e-07 6.894037043680334948e-07 6.406965533549343892e-07 5.740731558374448135e-07 5.011702546685308671e-07 5.724233276034629438e-07 3.477991831624721211e-06 1.629953213180657797e-06 1.188299109088124806e-05 8.453483742786191138e-07 9.999487943650035016e-01 3.321306883237448695e-06 2.076317219295874773e-06
6.332686321689589201e-06 3.090365010418767168e-06 1.119414729949249190e-05 7.943184339694569211e-06 5.370070026574490731e-06 1.851244841043711013e-06 9.033587300447336193e-07 1.167524747642120439e-05 9.954504177289102461e-07 6.658703343488247151e-05 2.797202642535392726e-06 2.064948335055737752e-06 1.435713519393206851e-05 9.436419066490795774e-06 1.821058597120908565e-05 3.681485803602716976e-06 6.757185316152362724e-05 3.385163485847214604e-01 6.612495889972060947e-01
4.763351650627034506e-06 7.550671289970336498e-07 5.970890592085117119e-06 2.560611292717466532e-06 3.111394648669103555e-07 4.149369957364221839e-07 4.146364296250475046e-07 1.587700775552754234e-06 6.074956743047309928e-07 1.778834398082532846e-06 1.395308226949037091e-06 7.799357704437007289e-07 3.026907783598864306e-06 1.400965809470863890e-06 2.254603485075376424e-06 1.375592328392165374e-06 9.999676625731189761e-01 1.576910769411697492e-06 1.362538305100656964e-06
9.645137125026358906e-06 9.551523489335936997e-07 2.247052353788526842e-05 4.861016266012175815e-05 1.159813901204789508e-05 5.065546668968843402e-06 1.266781120823806250e-06 6.923980351724192512e-06 1.462392403695979698e-06 1.563522822519230471e-01 9.151434168580303564e-06 1.938920576083885351e-06 4.212476467985544541e-05 1.299562558626783689e-05 7.860299297516014638e-01 8.870018954612552764e-06 5.720244132154513744e-02 6.631095823560389580e-05 1.659571375003820082e-04
1.611868763806484057e-06 1.217713609451104686e-06 1.572221934585591259e-06 2.122100353415984114e-06 8.925250209331363341e-07 1.451330156274004038e-06 1.762255833622929447e-06 2.279331607752432836e-06 1.339383732896524982e-06 9.999605614394369013e-01 6.791683252590234941e-06 1.128666875718408136e-06 2.827567201223095526e-06 1.154262624504339143e-06 2.070033395411800944e-06 1.472834813990355239e-06 3.853590925119128248e-06 9.856938210585630881e-07 4.905496640680000135e-06
1.089616737177208183e-05 5.678166873553699544e-05 2.044216728405741701e-05 8.205466821316269679e-06 4.907706964557980722e-01 3.566151117899070703e-05 4.594195663277808207e-06 2.429994788858731436e-01 4.260091807205879527e-06 7.155040466935812311e-06 4.742898895246957895e-05 7.488435679647612270e-06 1.432001893772936365e-05 5.139976332871904410e-06 1.367452122414352382e-05 8.370491666169331833e-06 1.804956719856205261e-01 9.260859000493340003e-06 8.548047307158572472e-02
9.599780222858867284e-06 1.283724284065618972e-05 2.262892235971083321e-05 3.103510749641762434e-01 7.518608754410083051e-06 8.880384006877421453e-06 2.628104494375968999e-06 8.154314213846715947e-06 6.195207850020629370e-06 6.067159867689361145e-05 3.544183568995111236e-06 2.849883089316478380e-01 2.190750803885183778e-05 1.290253656526320458e-05 1.651445202798467894e-05 9.520720087931157594e-06 1.218260027369851423e-01 2.743394664516129682e-05 2.826036758568368223e-01
9.154550903089533792e-06 5.692361575709650948e-06 8.271645739459712452e-06 1.245187351486771115e-05 3.046706110903181828e-06 3.013189715494081805e-06 1.948894828700073598e-07 9.960647139053459615e-06 1.497914089852876899e-06 4.880136802743856250e-06 9.131050374778824238e-06 2.985654291155374594e-06 2.931011888417424660e-01 2.862702470487476346e-06 1.092576733343765308e-05 2.252415495899983318e-06 7.067897597773220575e-01 9.488135495682717405e-06 1.324174039992261487e-05
3.910831798921024072e-06 6.906008397119023693e-07 8.292036948496516488e-06 4.723346760540329470e-06 1.625946431171464186e-06 9.685145653721360086e-07 1.411182124826952645e-06 2.603074523758348728e-06 2.318964244735685858e-06 1.315040175642893106e-05 2.576202620415253430e-06 9.337696910786978514e-07 2.658336998637727573e-05 2.499050309231363645e-06 9.819448549343801557e-06 1.722298794843656545e-06 9.999077691163680282e-01 5.046814164212563589e-06 3.355029522510166045e-06
1.105084429756185546e-04 1.062502497391002105e-06 1.056386094477412499e-05 1.185984787457920248e-04 5.108210071148249684e-06 1.370531222405672471e-06 6.444440205445624586e-06 8.184343529802923250e-06 1.939317881586284621e-06 7.532159874889325715e-06 6.057013938040516276e-06 8.285310076425206964e-06 4.855561506992549514e-01 2.769774686191617667e-05 2.954384888530658948e-01 4.050974410255078016e-06 2.361844434010832388e-05 2.700900134157765845e-05 2.186373296687618706e-01
3.757743471453821058e-06 7.860031311407680873e-07 6.344106534824595199e-06 6.208291557134010033e-06 8.414319823935202587e-07 8.303207999614352020e-07 1.296018197606669566e-06 2.494299576572469903e-06 1.031775278513163597e-06 1.973401715552543311e-06 3.161408908845665459e-06 1.510984622617408382e-06 5.625508829983242959e-06 2.866490445103218125e-06 2.550917358697330541e-06 2.323862174927199219e-06 9.999440467986254744e-01 4.587528316704085474e-06 7.763108472439352256e-06
2.732880805313507070e-06 1.359830882966631767e-06 2.706502449523338604e-06 1.442325095537350098e-06 1.656292039119706033e-06 1.243344270368908147e-06 9.819097611752382152e-07 2.397606783010243028e-06 1.480298244096810383e-06 1.044888374445910449e-06 1.798258414232026598e-06 1.739364364943239512e-06 1.818114351246140231e-06 1.492196445334943088e-06 2.200145692435895074e-06 1.065864831754709788e-06 1.933433359137425568e-06 1.218791696113324996e-06 9.999696879521392523e-01
7.390639036237944003e-06 1.048735576588690544e-06 1.062196217337878637e-05 1.963677092857542947e-05 1.660766730364278018e-06 2.361419322534330784e-06 1.351212231383343482e-06 3.062740531054000979e-06 6.490665426356595057e-07 1.336868407009571391e-06 3.058864910879852965e-06 4.564016176803041517e-06 3.303617109825199457e-05 4.636659510548096265e-06 7.229306807761852977e-06 2.910602944596967873e-06 9.998692681823271311e-01 2.444924461688157972e-05 1.726770127465385823e-06
2.435163047422013468e-05 7.857266231496131907e-07 7.987330703551497908e-06 3.014993107145549166e-05 3.348723140531500780e-06 1.799870745002407041e-06 2.130185579857844736e-06 5.224723406597764408e-06 1.198565416186775807e-06 9.035448665151521231e-07 2.764116542126968976e-06 1.546634645524518100e-06 8.197083399913791812e-02 4.993475849777262507e-06 7.395100914183954099e-01 2.851656807154855269e-06 1.784133605252140320e-01 1.335704217272945319e-05 2.320899208130805362e-06
4.120678295014550259e-06 5.982191466407666203e-06 3.207901115133769525e-05 4.160356258255598489e-06 1.639816891664161208e-06 2.334488457083726880e-06 1.693790900628399355e-06 3.707153341952515120e-06 3.769127738382535090e-07 2.413770344343010728e-06 2.625296124038049995e-06 1.051193124070208054e-06 5.056121599470275939e-06 2.304989254769809102e-06 1.784890811955184517e-06 2.907906707074491058e-06 3.048595187685574359e-01 4.843850886157990535e-06 6.950613988130545096e-01
5.839800555158503558e-06 9.110889557841991837e-06 1.381039332141064946e-01 7.489255909774527415e-06 5.601808795662359564e-06 6.814359268661053714e-06 2.029180061545712807e-06 9.535208886407710877e-06 2.231070887957896505e-06 8.493584952953253131e-07 5.304240835842357299e-06 5.085467339730176339e-06 7.025093417116624608e-06 3.655546552553887163e-01 6.183735602355153242e-06 9.526768131576182844e-06 4.962359863677988647e-01 1.326226752205195847e-05 9.536657439029321720e-06
1.286726170754567359e-05 6.785496951435353901e-06 5.737833780056201982e-06 8.363430135724111514e-06 3.018702320502862229e-06 3.262136212509450650e-06 1.388134848966197870e-06 5.124361808265723516e-06 9.999205265075879598e-07 1.894835043267575209e-02 8.492486584355538734e-06 1.761947381035392266e-06 7.375431252609340944e-05 3.712549460179628120e-05 7.108310109768374296e-01 1.130351077908274463e-05 9.729140037460822367e-06 2.059564040096808986e-05 2.700103287798846785e-01
4.565056987319868081e-06 2.582396041984130710e-06 8.599123837950426380e-06 9.049603814788983452e-06 2.278695690810537817e-06 3.204247976372967380e-06 2.161537607498625551e-06 4.105201659674384210e-06 2.001066451878239919e-06 3.621586356128529027e-05 4.931237237473034635e-06 4.902793716873719101e-06 9.984359939385813464e-06 4.012676980087083099e-06 8.433070595814965917e-06 4.164033253490654521e-06 9.041590175163894960e-01 2.219010551382718817e-06 9.572757250770642934e-02
1.944451650958186207e-05 1.791202452668148164e-06 1.993152454378939179e-05 5.300030962254964913e-06 2.016466927952015137e-06 1.989687223477735591e-06 1.739269581987300013e-06 1.826128832668895730e-06 4.248308963331461839e-06 2.454980413864699210e-05 1.039777310086575411e-05 1.062759138423578114e-06 3.599303411739386283e-01 3.095534441228768083e-06 3.983961748486174761e-05 4.167539599787000846e-06 6.398602064054618177e-01 1.088126603503273787e-05 5.717099066288451977e-05
4.178912165874893451e-06 1.311724906190413435e-06 9.767367897829225542e-06 5.102863944296334855e-06 2.914424655842863605e-06 1.520527241973042990e-06 8.678864501722214499e-07 3.508663419357436827e-06 1.321872029648997563e-06 8.092930357625179724e-07 2.437126921453553599e-06 1.434662441130936283e-06 1.826711931174565014e-05 2.693368935856910183e-06 4.474260252323674058e-06 2.051272336801466572e-06 9.999296533441746071e-01 3.037031402423102786e-06 4.648278476838756893e-06
8.432815684522713712e-05 2.858063343583303218e-06 3.307332522680772970e-04 2.026573623052757545e-05 2.887659784653910410e-06 3.254787794660043365e-06 1.077663409275146717e-05 7.793222467482569554e-06 7.524359513957919194e-06 7.930864920794030251e-06 3.455110618543982709e-06 2.865121324025066328e-05 7.044703825509305295e-01 2.949727079851045541e-01 1.440165743295267009e-05 1.081481224691666662e-05 8.153324938028796553e-06 9.662483341721271265e-06 3.418124884856143203e-06
3.025834687064166603e-06 1.974978696796436653e-06 1.033502165364808929e-05 5.479745513050332027e-06 2.482640706559799226e-06 1.128556416080292752e-06 7.696572594134905492e-07 2.404084285929457350e-06 7.516059787738425376e-07 5.685797190766501313e-06 4.305087133798354276e-06 1.765812565461165442e-06 4.971827458105938261e-06 6.988921449829614878e-06 3.398093605047687648e-06 3.046093144481586145e-06 9.999367563251539970e-01 2.471917459087500108e-06 2.257999642215540657e-06
9.689240827231866265e-06 3.265647399861060036e-06 4.806889940734266454e-05 2.810241839125770806e-05 5.251755914937622498e-06 2.165114844744560898e-06 4.576211769879760750e-07 4.552611040554921421e-06 3.886787205698644168e-07 1.570232963992841252e-06 3.729163281335864564e-06 4.200578508565645669e-06 9.659287660910256037e-06 1.069475644356862099e-05 9.059721761863552108e-06 3.963490331284963919e-06 4.398433512887821584e-01 5.151857054477794375e-06 5.600066776354882814e-01
4.027584713003961523e-05 9.094889725636484958e-07 6.685982519864212289e-06 8.297117116347863281e-06 4.290616960969006280e-06 2.381326035911999600e-06 2.944292633553951691e-06 6.604362760538858055e-06 1.492069231257572299e-06 2.182343669865760838e-01 7.131627327088233901e-06 6.394271435062548890e-06 5.931609193129641660e-05 2.735700674619899397e-06 5.141072597546538780e-01 4.736200074861079000e-06 2.674777145304247927e-01 1.976653163847223884e-05 6.697201902810021346e-06
6.602472280669578830e-06 2.736929291337806540e-06 2.361013155657070372e-05 4.772514777034624346e-06 2.624075622619990719e-06 1.119082977812030567e-06 7.012807090051661281e-07 1.756207790225001707e-06 1.091331246394227013e-06 2.701825276247917978e-06 2.215113015997906951e-06 1.111410853480512415e-06 7.103392377001011591e-06 2.197680916415354845e-06 6.061075788193793650e-06 3.901917884006862597e-06 7.907655264429710451e-01 6.728880046123426148e-06 2.091574382346197969e-01
2.254552101098864600e-06 9.976557371662306880e-07 1.792066877203613783e-06 1.582354294797301621e-06 1.751092128961061034e-06 1.010701804255437076e-06 3.091820368383918073e-06 2.492021285245560409e-06 9.198373964027741062e-07 9.999688813443754487e-01 4.791661709219291026e-06 1.404162883994964470e-06 1.607145391752736208e-06 4.884450128091056387e-07 1.496968347659406550e-06 8.969477985383090266e-07 2.119262950314301574e-06 9.241752712043174287e-07 1.497784265590297124e-06
3.075565885268210924e-06 1.565285983034568416e-06 8.178533493532013743e-06 4.097912632303902138e-06 1.053661680101550230e-06 1.291560345126997860e-06 9.796923509803672700e-07 5.486572682682317989e-06 6.877743405892377195e-07 7.224302735679255929e-06 2.884240604096440384e-06 1.063783757650017038e-06 4.015810110479450493e-06 1.202669203571604649e-06 7.874600258546672358e-06 1.211800302894932259e-06 9.999405775334360147e-01 2.834687782668309930e-06 4.694012414681137103e-06
3.391327540989933749e-06 4.847703439798691995e-07 8.413774126086823602e-06 3.537517848002822695e-06 8.277125465482322440e-07 6.803065034183841443e-07 5.904608272402576035e-07 4.674802011144244100e-06 7.155553756893479053e-07 4.202184867423912493e-06 3.175244781422382113e-06 1.088779347972695155e-06 5.324151239124477031e-06 1.264147132138912148e-05 3.146518210288814154e-06 1.403746250515689602e-06 9.999407972479302797e-01 3.251886172396609170e-06 1.652542756130124740e-06
7.584742331240425134e-06 1.927885695309513980e-06 1.229435194113706393e-05 2.956813726046939594e-01 3.239680280263735268e-06 2.905699234116890924e-06 2.165214315102101331e-06 4.322800453683364356e-06 8.483579544678919448e-07 3.268146689920056457e-07 3.270468737433984378e-06 1.624035855329673033e-06 1.745106263847030051e-05 1.908587109455151809e-01 1.364348994654372195e-05 5.352952073122782860e-06 5.133254467712333735e-01 5.545113941658798984e-05 2.060983015882541575e-06
1.908903820222098834e-05 5.643916919237850432e-05 2.670534199593904007e-02 2.656494011361124064e-01 2.767941854158372239e-01 1.303817943421049075e-05 3.710552695763942111e-05 1.735115334614314005e-05 2.145279407205765449e-05 2.278073716676060415e-02 7.702204209339339236e-06 5.254544130099362087e-06 2.174251285898175993e-05 9.998497796578585933e-04 1.079172463662088569e-05 2.105161814514892388e-05 3.716575419483085785e-01 6.479647947529066927e-05 3.511712761272423045e-02
3.451347105894786102e-06 5.687938536504822346e-07 4.114253975025934618e-06 9.148264069830612511e-06 1.118773550449383131e-06 1.652739275418649983e-06 8.101234807645527187e-07 4.392505369370316213e-06 9.798656661320896004e-07 1.577220584921887603e-01 6.614987531373063764e-06 3.173596730454936511e-06 4.114253675231532567e-06 6.815115334123696579e-06 2.582385561809753832e-06 2.322077997741175308e-06 8.422136810458079603e-01 9.696916063052979156e-06 2.704462763154840405e-06
3.417866122371592143e-06 1.401840502890035402e-05 8.264439300019696760e-06 1.177620731681635158e-05 2.381560160864678864e-06 4.736964721814892236e-06 3.275675997444111125e-06 5.217521497458396411e-06 3.198158266501483476e-06 9.444386350465916807e-06 5.492780646823462186e-06 1.826530788423839368e-05 4.276929612579352674e-06 1.732232415007821320e-05 1.849858993815349543e-06 4.628914639317172449e-06 3.248015954398024707e-01 4.791746104088811152e-06 6.750760455134039439e-01
1.696182955225889860e-05 1.391171379324546559e-06 9.472338026753530259e-06 1.617339373739914613e-05 1.164258056524269679e-05 8.601766942700590375e-06 2.770554566952618075e-06 5.617623700349583422e-06 4.555576194616790643e-06 2.875390553194903664e-01 1.536025273468015389e-05 5.945501279127135578e-06 3.917292841210331001e-05 6.195847735450780158e-01 9.268266200493781304e-02 1.029628374662905337e-05 2.580197159366798989e-05 1.448655496427919734e-05 5.258803097604023494e-06
1.577207633234530850e-05 5.922299261200156213e-06 7.354431552814617364e-06 2.858590565750044555e-05 5.240133211576003904e-06 3.158305732258608415e-06 1.245187720721485389e-06 3.612447365522066324e-06 1.393730331986388406e-06 3.458468564984825624e-06 3.668899496043024624e-06 2.019315268369450904e-05 1.394655647016417815e-05 9.171043719446589360e-02 6.114915275806853230e-06 3.856119901816272417e-06 9.081343304771738456e-01 2.735598753230985099e-05 4.353711269321308010e-06
5.892285200923003328e-06 6.884672536039541855e-06 6.660872642058797331e-06 1.669993333767404097e-05 2.272128102691188352e-05 3.609036035635158713e-06 1.858548454652111058e-05 1.037720965394295319e-05 4.840195220993869360e-06 4.145641632913547592e-01 3.453794209014209498e-05 6.354787453096142297e-06 5.388318756558242500e-04 7.657192384603827385e-06 1.294948372738241866e-05 2.078656815049203301e-05 5.846918396289322306e-01 1.329941739424566272e-05 1.330884265645887089e-05
3.251680549983766290e-06 5.887478884299694250e-07 3.022542769325748011e-06 4.643252781664327729e-06 1.284377911531405346e-06 6.561988018463276381e-07 9.249378694622248949e-07 1.793178990700026630e-06 9.138732340482557271e-07 1.991512912048278071e-05 1.958578154049268869e-06 1.661698659985196954e-06 5.845647544783386973e-06 1.662578595910811498e-06 3.804111259149010462e-06 1.138289557280338145e-06 9.999428670540979613e-01 1.767366400708505890e-06 2.300755812675806367e-06
5.277931666468981174e-06 8.193442895500916272e-06 8.536592899054241772e-06 1.230747420099185093e-05 4.294172712146800408e-01 1.740869771243426536e-05 2.258456882284713418e-01 3.459818314009129113e-05 2.372793034303726005e-05 4.129402664984744557e-06 4.804992221591969514e-06 5.435798533734905461e-06 4.686582333448713501e-06 4.431318457195052807e-06 3.650164864685833503e-06 5.339163612342972309e-06 3.445814918496645229e-01 4.655813873868960293e-06 8.365217764778062900e-06
6.275715354401172920e-06 1.726275886595850914e-06 1.021863016932594118e-05 2.828340597432113304e-05 3.334243174805865349e-06 3.353314012059358954e-06 2.049699387748816979e-06 1.285849698247687284e-05 1.599583010778221573e-06 9.503179123470437140e-02 9.177716103323864630e-06 7.393416079314642885e-06 2.117472793297676874e-05 1.765277154929288093e-06 1.773678914800790385e-05 4.445882476801922969e-06 4.259206636849391936e-01 5.736731909558344725e-06 4.789104151755990135e-01
1.096586730518285429e-06 6.492325897288581055e-07 3.247965164810751052e-06 2.271554981365596412e-06 6.385372908892139857e-07 3.238157618197596238e-07 6.881198799460344044e-07 6.727100904245033750e-07 5.437549154700646633e-07 2.347714667902156090e-06 4.261789436577633814e-07 4.618066898673093120e-07 1.868616992402394020e-06 1.134076787821996181e-06 2.756984572094892648e-06 8.189145443804117459e-07 9.999764386255526327e-01 8.873641990620634918e-07 2.727439645322885630e-06
5.184918694077031244e-06 2.718422310620981798e-06 4.881997310056419015e-01 8.710002519707964503e-06 2.606326725259695005e-06 2.619832004820793075e-06 1.223639273791303977e-06 3.655526644253655947e-06 4.875656709458023694e-07 2.005685805335315977e-06 1.641561526022806223e-06 5.317211995453430384e-06 7.300726218679662056e-05 5.116353488195947152e-01 5.746668523815630712e-06 3.347144177066868756e-06 2.840501435019084214e-05 1.264395600201263926e-05 5.599436353039787854e-06
1.941654186791578056e-05 9.290932679561038961e-06 4.848813966561301741e-06 1.000900725323567164e-01 1.144042731562161658e-01 2.481662587189490646e-05 1.029690383805136851e-05 9.089954958887457091e-05 4.467544862336346092e-06 1.394105036847284490e-06 5.369803654618474389e-06 2.198477386046672661e-05 5.901337263533951161e-01 3.019822344099437972e-05 8.228953754958615377e-05 1.241825499790118068e-05 1.822939300826398158e-05 2.037291122440191063e-05 1.950156340425837354e-01
4.704850099099314594e-06 9.246432385136911179e-07 3.436596850505912514e-06 1.287750530553200618e-05 1.522650305057741059e-06 7.717865942362085151e-07 1.626259762333701059e-06 4.127195767957924438e-06 1.947889271700193602e-06 3.077376253433397046e-01 9.068200420597981643e-06 3.315596435873143534e-06 6.921884469877389590e-01 2.485838855168937763e-06 1.020774179505241165e-05 2.477997878455570701e-06 4.513977110498276108e-06 6.691502156475492953e-06 3.227437074288746994e-06
7.228847663399891806e-06 8.667421584866577347e-07 6.890780916540283321e-06 3.230632626921047124e-06 1.408283623952877253e-06 9.446997299424719662e-07 4.953022978278544429e-07 1.407213085860892504e-06 4.069679190372930267e-07 8.355779315568533106e-07 1.402860002486789316e-06 2.537858711231631454e-06 3.336663609629622655e-06 3.386136068212545173e-06 3.551644956130777688e-06 1.030027966339728715e-06 9.999558454629084991e-01 3.152829946656071181e-06 2.041467877172146427e-06
3.347588322139702125e-06 7.408194311095200230e-07 4.820594625770735969e-06 1.731351826342759302e-06 1.797481057360504576e-06 2.809722205287728987e-06 1.886992846307278128e-06 3.834224884122077479e-06 2.094396963823282893e-06 6.940576160850458569e-07 4.510218076435299084e-06 9.062788333882389161e-07 1.088032906919926887e-05 3.809857913594969756e-06 8.520552284176472030e-06 3.773031273987824186e-06 7.934080697969747575e-01 4.537227498798406435e-06 2.065312354782971871e-01
3.450082501289754213e-05 1.695249338234260220e-06 6.717260040065102884e-06 2.843387115267782049e-05 1.846847669276386069e-06 5.466057630439372821e-06 9.548332927099029832e-07 4.822196991525444142e-06 1.243500777776272871e-06 2.246568589836650966e-06 2.899341053336181529e-06 1.351633668144789752e-06 8.509312482894211159e-06 4.451224581221388113e-06 1.235013837302482727e-05 3.952116619972637841e-06 7.106746779089708754e-01 1.024387848461792723e-05 2.891936372352705287e-01
7.060592469176421186e-06 1.558457631647725595e-06 1.122286112224602490e-05 1.046277074536335096e-05 4.963374619560142181e-06 4.416561751107508859e-06 2.526294309572377285e-06 7.323987131845121724e-06 1.885734578976038046e-06 2.674338966485386715e-01 6.154734280361605529e-06 5.514354328241365862e-06 6.132143722518449414e-01 1.091364124688783443e-05 4.164065600951487246e-05 6.256194484288484413e-06 1.192075066350430368e-01 1.817184329596362391e-05 4.152406568567454842e-06
2.010204309782340913e-06 4.256000915790177162e-06 7.549215276510912070e-06 2.690074089991730113e-05 2.627976330990754089e-06 2.223149408256304992e-06 3.572797133970247452e-01 6.613299854888286376e-06 2.982682316931407315e-05 2.086510836137084847e-05 3.773768491880926893e-06 3.178755166033593067e-06 1.004818735205509829e-05 6.123625409110607539e-06 3.749812979915914347e-06 3.323938253510476912e-06 6.425770753250273915e-01 7.605432534782576834e-06 2.535239233854413363e-06
5.713943079983923355e-06 4.477673282267757901e-06 1.890786533029747889e-05 2.325429804295701483e-05 3.753412576181247917e-06 4.806095699719640242e-06 1.339708379250809916e-05 8.354035457406059289e-06 1.144659614999646579e-05 5.562536027197271249e-01 1.512698319680339258e-04 4.101733855495899394e-06 4.764999889762190941e-05 2.769283544820102893e-05 2.728759421028502663e-01 6.077024686291727023e-06 1.704942760238234434e-01 4.216427462563125493e-05 3.112450706523268547e-06
2.910198245075335774e-05 4.526586292190592398e-06 9.703668342831163452e-06 4.122829793824927288e-05 3.932501724087351740e-05 3.517907715752974547e-06 3.617064922397819696e-06 2.377641991830286547e-05 2.683807434977673067e-06 2.299399725070765399e-01 1.225513258338975450e-05 1.913754611255903045e-06 3.313685314691087735e-01 7.209642603486840693e-06 1.623333865479841315e-05 4.675087419214777622e-06 4.005219468220524992e-01 1.149668176719198341e-05 3.795828481186643705e-02
2.163300338652244444e-05 2.433511867297229736e-01 1.705771651989193804e-05 3.656215831286848313e-06 2.950117953236292270e-06 5.358469686562545038e-06 4.129021988553755746e-06 3.587411417135328726e-06 2.169498624201415782e-06 8.688934984216555618e-06 1.212206449394345304e-06 3.145361388331495345e-06 5.506379745227079394e-06 3.472918248725157131e-06 6.262145980518595151e-06 2.869144097989993858e-06 7.565444444297233506e-01 5.880249201268538359e-06 6.790045050529342170e-06
1.329063872008651862e-05 1.045251301899865511e-05 1.501719198103957635e-05 2.364060590478595236e-01 9.320931293477974222e-02 1.597961005361163509e-05 4.547989152108686977e-05 8.230947198854844863e-06 4.219456716980120575e-06 9.735399359393179884e-06 6.170131092681647368e-06 9.712977648938241697e-06 1.861664368083828800e-05 1.341632035666688209e-05 1.303253467388022313e-05 1.141521232096903047e-05 4.620848501410547704e-01 2.081008330006647589e-01 4.175407297185678489e-06
1.605190868636017361e-06 6.341251162187306343e-07 1.546920899096795776e-05 2.548249702164975015e-06 2.201328614707980452e-06 2.094527658669323506e-06 7.641661866165624571e-07 1.717393748601514351e-06 6.883012245759946156e-07 1.175781400171350643e-06 9.664755749248643642e-07 1.037623454129489506e-06 3.060234737111196426e-06 1.748761932450461297e-06 2.180751696923946557e-06 1.730097449297533159e-06 9.999502123953917243e-01 2.875895922495049353e-06 7.289490329445871589e-06
2.536672282637730506e-06 2.378323312378476795e-06 2.165307546287795428e-06 3.154863148866557698e-06 4.514687245404261245e-06 1.610033769529971825e-06 3.135587984125881088e-06 4.613865281355247884e-06 2.951105532930613664e-06 9.999338823600085746e-01 7.718176332416354994e-06 1.950589189476938916e-06 4.112802684360363210e-06 2.703242898320254881e-06 5.551201287639450167e-06 2.822529975529286402e-06 6.296093987376517213e-06 2.361773107863331925e-06 5.540784425134123537e-06
1.202865007130453499e-05 1.770877944761786167e-06 2.611009929990378521e-05 2.779276093954464894e-05 2.249976097157093336e-06 5.332253658558629234e-06 2.463373806200935754e-06 5.249035687906840695e-06 3.573666589527693492e-06 1.159520711271246136e-05 5.758879269250697305e-06 4.297530058767623100e-06 4.938711534640270462e-01 1.409137042508407910e-05 7.787903674133645057e-04 6.005933149245042643e-06 2.216640306969194230e-01 1.659309504066532173e-05 2.835411127624895555e-01
4.469609968489078877e-01 1.120012634395919460e-06 6.505255100701614720e-06 7.559508701330413483e-06 1.029806085554501796e-05 2.416131039225643734e-06 5.367144285804833192e-06 1.777082815359814176e-05 1.157607752178728292e-06 4.391965610997634606e-01 1.357701581827721375e-05 1.237774694840314929e-05 3.500867401982155823e-05 9.955031995627727326e-06 1.136820501241562198e-01 3.581089976272614549e-06 1.651784940218656484e-05 9.447590466593259242e-06 7.732380022741353330e-06
1.111059950881605303e-05 2.042596017695330184e-06 6.932975158085743701e-06 5.319682204627550936e-05 6.638083008962831886e-06 1.090042677903888189e-06 1.514701921146080743e-06 6.621062958052621611e-06 1.098876423907351326e-06 6.611404271087465423e-01 3.561319604798722915e-06 2.520382036051105833e-06 1.798631152818861711e-01 3.827473301775049352e-06 1.206461757114954262e-04 8.401715455644904852e-06 1.587508882429712886e-01 1.328970957911745818e-05 3.076830986157507769e-06
1.686884303060937264e-06 2.226865498927247188e-06 4.277791585576396826e-06 9.488597369392338219e-06 1.702250727221343767e-06 2.959959604227926438e-06 6.835839828148051728e-07 3.984550195072770931e-06 1.373780478538214261e-06 3.858440661574674785e-06 1.722236525426437932e-06 2.173288644510294475e-06 2.240819038846224482e-06 4.860739560046844561e-06 1.461085432289783063e-06 2.708543692698295740e-06 7.302836363379289208e-01 5.302799260032292005e-06 2.696636514455108546e-01
5.962252690556687270e-05 8.909169527272585652e-07 6.630965606070436381e-06 3.614201306772799158e-05 1.618323549634891228e-06 7.604065962170283215e-07 1.438548468602324840e-06 3.779627003696793447e-06 7.513083027785639426e-07 9.053177402078000689e-06 1.121632786803899523e-05 1.254462020664030308e-06 3.388550551446659620e-01 3.020804171753679263e-06 2.054722578008913529e-05 2.511902051124223697e-06 6.609585426491316751e-01 2.311270216538220915e-05 4.050968290097847348e-06
5.483314578244406937e-06 1.116915831963886341e-05 3.753606485160797535e-01 5.265865155631802312e-05 6.530154633692923598e-06 7.458316831894983466e-06 4.591219211048266158e-06 2.647178039624960367e-05 3.251245844859680590e-06 7.531761597601994984e-02 1.630579936696528409e-05 7.764866225848602246e-06 2.303666689725548854e-05 6.143659595328103516e-06 1.058008925946214354e-05 6.733051632774128663e-06 6.685366635415827818e-02 1.339045770886833356e-05 4.822665007216835886e-01
4.515577010365695304e-06 4.590368065895286520e-06 1.898908607444954675e-05 7.103044395161252002e-06 5.072402180861181566e-06 4.309291332572777950e-06 2.947740061453648943e-06 5.217567008743987571e-06 2.168586136566072943e-06 4.066117233813434928e-01 4.052834195441366031e-05 3.412758740496147011e-06 1.368473971846333539e-05 1.101137835251133894e-05 8.050287695847435044e-06 6.967243326851365321e-06 5.931489458758067990e-01 4.805414353641721957e-06 9.595691644137164340e-05
3.455892640762089736e-06 8.920577386125201321e-06 6.684933396556847675e-06 4.596676517592063976e-06 2.917143267835699144e-06 2.953568718498339346e-06 6.360625946312333683e-06 8.493828629537418986e-06 1.825994291246853891e-06 5.701609610990955312e-01 1.327749235680964168e-05 2.770405743762503671e-06 5.290903002034776751e-06 9.732218344066034072e-06 1.509601880990181979e-05 4.109426311947128774e-06 1.347983929546499993e-05 1.985162167455160932e-06 4.297270881940784548e-01
1.122954819057026442e-05 1.776076895510186333e-06 1.217375010405637478e-05 7.041876551845155537e-06 2.496087134070150672e-06 3.721799409644953718e-06 1.188571543007549334e-06 3.176517996153200362e-06 1.534365271588513402e-06 5.185048189108795030e-02 8.354636227584339057e-06 2.344854737796271759e-06 1.370335077554134872e-05 1.194230589018765250e-05 3.317440133251788582e-06 3.625411870628044983e-06 5.001512526705195194e-01 1.217728346909646978e-05 4.478984615621919296e-01
6.974746259112841403e-06 2.424069302695461003e-01 1.156180375616100282e-05 4.482856236058659526e-06 9.124139778576533509e-06 4.793970232193089400e-06 1.778224381859203336e-06 4.098224361683961063e-06 2.061033104146712099e-06 1.291156616923773903e-05 8.507276958469443777e-06 1.204823714562891145e-05 8.212852539893785418e-06 4.617038362831290036e-06 5.579463652850743349e-06 7.494287567172514225e-06 5.963051263154164339e-01 3.066042297463839019e-06 1.611806316522343963e-01
2.962155097047309171e-06 4.374610944911739811e-06 1.072210085087481788e-05 8.922331022235916660e-06 1.229077426231086206e-01 1.311729205221532100e-05 1.604995267246624581e-05 2.210043587955341025e-05 2.668279071948521397e-06 3.542199634468566616e-02 2.838473482624212968e-05 6.638927307731853549e-06 1.442848307912750655e-05 2.733855309244169105e-04 1.001492698767834569e-05 1.374889403197145852e-05 7.299422389082469431e-01 1.112896832022401278e-01 1.082026697024868444e-05
8.436002874278552123e-06 2.743485927117071342e-06 5.149962478182856919e-06 9.591519525400955731e-06 1.763176874813739979e-06 1.903123243450986780e-06 7.542250997601935486e-07 2.631293105439428397e-06 1.581355281717227161e-06 1.639887053357003747e-06 3.483587181195952992e-06 1.822177791223151580e-06 5.921612907570763529e-01 4.900587747614330819e-06 1.284016557658443830e-05 6.408911119614536752e-06 1.530585626822763125e-05 8.520609506297566662e-06 4.077492333162693883e-01
1.958583110403864156e-06 1.389119387721109311e-06 3.734065236673262929e-06 4.122532614291014961e-06 5.996788733335672608e-07 1.286036414470016050e-06 7.365400098924658185e-07 1.935540050634718794e-06 4.259290486586795450e-07 9.628922821702062757e-07 8.437452825774687415e-07 3.958016024454763041e-07 1.022689176310960919e-06 5.601225376948573971e-07 1.426814760293989689e-06 6.152483335442912437e-07 9.999757086982922205e-01 9.944182290167830195e-07 1.281544757733853011e-06
2.430097261386908079e-06 4.091472097292702848e-06 9.751645084461539367e-06 2.074060248299606712e-05 5.288716948926919946e-06 5.709256029791488940e-06 4.387096769978143829e-06 6.255186304084973634e-06 9.198416551100248994e-07 5.856852961872242294e-04 3.918535443279792533e-06 6.046983900953089019e-01 2.664583696474719630e-06 9.927538243224189453e-06 5.111169503139778533e-06 8.090243881466873017e-06 3.946089998283607847e-01 7.638480532260023771e-06 1.000031420910342863e-05
2.543675828094829022e-06 1.224401789454134501e-06 4.911442493348864901e-06 3.849080598153736744e-06 1.045946009469424965e-06 1.106154483247909019e-06 1.474675647087818158e-06 2.456437463566719199e-06 6.920707181175303608e-07 1.238394709356720885e-01 4.845197565712357419e-06 5.191628239423542976e-07 7.366887680460216639e-06 9.829182794828783097e-07 1.944796344337672937e-06 1.334978969742119843e-06 8.761201002951852779e-01 1.814467486179472260e-06 2.316474962235582934e-06
6.311281282648266357e-05 2.474334150794229517e-06 8.624395838141518352e-06 6.776009002022664323e-06 5.199575799655380027e-06 3.364061481442845806e-06 1.241545995145443493e-05 4.410734235352135909e-06 1.735423823843865445e-05 3.970157641519631345e-05 4.486570904125793574e-06 3.178368530485747891e-06 4.766037476288433328e-01 7.347443081936224722e-06 1.744724992368899052e-05 4.535723396590729457e-06 4.969746377014675476e-01 2.029010194561831594e-05 2.620089601396777268e-02
7.161337742811146970e-06 4.646607019662690475e-06 6.540640482858350109e-05 2.057408028809511814e-05 7.200477284222164991e-06 5.749352869543599051e-06 2.033893099964486958e-06 1.400896494010042541e-05 1.969160898349397663e-06 4.217853909348307867e-06 3.354675680052941379e-06 1.781755175861832644e-05 3.197143888520347142e-05 1.663269511712563750e-04 6.587065104779385981e-06 1.624179522086252359e-05 9.995755638990712066e-01 3.581831280473629783e-05 1.335017742275660216e-05
3.320593677480856218e-06 1.059563825683152346e-06 1.017095408578426346e-05 1.890862622793217888e-06 8.147313905260141870e-07 1.273531874473981814e-06 2.437975651035984366e-07 1.361862515950118668e-06 5.883026344311070201e-07 2.335995672884947548e-06 1.163360156209606395e-06 1.559348811133029885e-06 3.792519581895141339e-06 3.115575150177198167e-06 4.826907317948824785e-06 1.922042165405642745e-06 4.928403098782289660e-01 3.859523226424211288e-06 5.071163906494967621e-01
3.617206052949172628e-06 5.082979732374500409e-07 1.434045588661663789e-05 7.982688316890469856e-06 1.260509250950519973e-06 1.487116377940305176e-06 2.070623187918269757e-06 1.624189585737140022e-06 1.220256950342978778e-06 6.428977346551076639e-06 1.539608898418674337e-06 3.900724902496016246e-06 1.946928787548741775e-05 3.955200136172784044e-06 5.420357307551291444e-06 2.328416937712646029e-06 9.999106426756215749e-01 9.589751774402935098e-06 2.613655616893160666e-06
3.021074604801560365e-06 2.801963375148674444e-06 1.309638447719367663e-05 6.855491310064603918e-06 1.666147799488894590e-06 1.330664408831652610e-06 9.591458192044012625e-07 1.854295669543631715e-06 8.289639147102067288e-07 3.085777077017014270e-06 5.099265656942318614e-06 9.793920427000831397e-07 5.612292613313905990e-06 1.567456730109141232e-06 4.826997386854261690e-06 2.743540392190679035e-06 9.999372574381929502e-01 3.975971829637193145e-06 2.437736699253768748e-06
2.457026137111086030e-06 2.605035608069094213e-06 1.328032357400916140e-06 1.998947234511264496e-06 2.575465022395939318e-06 3.293777019128674347e-06 7.198738869353180412e-07 2.396169468287079607e-06 1.069415717391926411e-06 4.294936639338430089e-06 1.726277521448504135e-06 1.627308970659362634e-06 9.658739295960508556e-07 1.157864500908457379e-06 3.655201673495153644e-06 1.840386540809864797e-06 5.135245721353604622e-06 2.952568100480268334e-06 9.999582005939506857e-01
5.928204792420009616e-06 1.126738300726962179e-06 8.809769061391289644e-06 5.064709671606765218e-01 2.320868181158072199e-06 1.655308917909658652e-06 8.912585806311276756e-07 6.084113168047610267e-06 1.514687879784514559e-06 1.427931222535712222e-06 1.829318938417749752e-06 6.990173873120659624e-07 4.930304757668026450e-01 5.938781549941937575e-06 1.518520131082915270e-05 5.864259152129038658e-06 3.857521656873731121e-04 4.990824894532352015e-05 3.621199444842957285e-06
3.627218144185457799e-06 3.057387066121016478e-06 6.741644814527408560e-06 2.826721963229003533e-06 2.142074230642653328e-06 5.271264241338185341e-07 1.696534724898133117e-06 2.170111850409760429e-06 4.987851526486777608e-07 6.729811841344299772e-01 5.144503690023024136e-06 1.476384011763426435e-06 6.361494518557582956e-06 1.606664482074907486e-06 2.779208769055508131e-06 2.818314707863369106e-06 3.269265220189402910e-01 6.707100407170207048e-06 4.211257167232297064e-05
7.225073332234633110e-06 1.420502313793890968e-06 1.180347719766222095e-04 1.584244277006371382e-01 3.070745479155848136e-06 3.099097183939279655e-06 2.172605467974114351e-06 1.157396065498795579e-05 1.106572141585407313e-06 1.186934294418051113e-06 3.588829649004141283e-06 1.936191117878734906e-06 4.272524184172073707e-05 1.153389445817634191e-05 7.960418541199385913e-06 1.348688671827529067e-05 2.507878933491164766e-02 1.021076457661032871e-05 8.162564504747037430e-01
3.293598397052701239e-06 1.981752039244905606e-05 6.398120638451845807e-06 2.014762782740593742e-05 1.131180876323721130e-04 4.489590380408603200e-05 1.168849005261648487e-05 2.637481265163666988e-01 6.726516889827548285e-06 1.714129739659672469e-01 2.152755751013995416e-05 2.664104511334316472e-01 9.176875019549030960e-06 6.730290785475490090e-06 1.395354509043179472e-05 2.493758276903689376e-05 2.981072751620489347e-01 1.079691037176654401e-05 7.964595004780831424e-06
3.212095791486111998e-06 1.474155232117473249e-05 1.268870643698871806e-05 4.594836108358817284e-06 5.230665060266437230e-06 2.100289666575511058e-06 2.355260404878097528e-06 4.434795485632498891e-06 3.738886380865472049e-06 6.445745867651796525e-06 4.030974662501559357e-06 5.571953804538501094e-06 1.605912533024827498e-05 4.703512988368831058e-05 4.580390235955891564e-06 3.503478097579113522e-06 4.122454533342978511e-01 2.400642986010696134e-06 5.876118221371778860e-01
3.853823757314609158e-06 2.688866472444572577e-06 1.363428876175802190e-05 3.956222103342084153e-06 3.041066598152112454e-06 5.982067213236233087e-07 2.560058677453981901e-06 8.546882960271528571e-06 1.132989921725397707e-06 4.044655959779465682e-01 1.008475636681135157e-05 2.154671092923479842e-06 9.018287934165231749e-06 1.572468724490320720e-06 2.873794500418192738e-06 5.151598045200291471e-06 5.954384811830183422e-01 2.517595982632234578e-06 2.253726041463115809e-05
3.966912907505460220e-05 1.992767055748396629e-06 1.081565468350743086e-05 1.460386269416066144e-05 5.750291750779839264e-06 3.437653419484963039e-06 1.156646903374751582e-05 5.904658002974622678e-06 1.574803856482114588e-06 2.381447193451056293e-02 7.267971393418898882e-06 2.213824088441744212e-06 2.611897382265139789e-01 2.224575891523134909e-06 1.726971291154629808e-05 5.926835730608060773e-06 7.148523163530038360e-01 1.048945792174641924e-05 2.765818462508188964e-06
1.213834205432038066e-05 2.469765439882523354e-06 2.657150774199595758e-04 2.349450349592112946e-05 8.040928975639495614e-06 7.169853341036362912e-06 1.468334519647297868e-06 3.204568468573274184e-06 2.910057562578638591e-06 2.986827699474937190e-05 6.711271622402914293e-06 3.904146462459843818e-06 8.211102164582493389e-06 1.095275680276554253e-01 4.258389459617815403e-06 2.040388902044520982e-05 5.982967516738310065e-01 2.145793974055335026e-05 2.917542538517712281e-01
1.780095595665860900e-05 2.099096997851843880e-05 2.292665911135944502e-05 5.428962755264837263e-06 7.701850809187077893e-06 2.103782344992753096e-06 2.046940769888738541e-06 5.267616220583692252e-06 3.926919309738197786e-06 1.658909793820722667e-05 6.054278351910491518e-06 3.524792745509803260e-01 8.065713010594814756e-05 2.323702324039414482e-05 1.634403045688323231e-01 7.110378045023022795e-06 4.838452146865385162e-01 9.110882484513410252e-06 4.252746226483278601e-06
1.929873869904604838e-05 1.198895808042633401e-06 7.018946320722209236e-06 6.934892553787530556e-01 2.180189880438302735e-06 4.272813394045567911e-06 1.493398415794085592e-06 1.199498905243336326e-05 1.570665783650989631e-06 9.022077704107011597e-06 6.001621354623525958e-06 1.801157596560669244e-06 6.667027402893617677e-05 1.072774735584842182e-05 6.563297008666638967e-05 9.166458673293463607e-06 6.588331785113656242e-06 9.586470711789137067e-02 2.104213982274162897e-01
1.284740149409918930e-01 2.152441555197310818e-06 4.211125407724664038e-01 2.536993184015646336e-05 4.808611977225118211e-06 1.714686528804434299e-06 2.387910196375100675e-06 7.230234375088520561e-06 1.519756763556276403e-06 9.918180046545542472e-02 7.952987456738551899e-06 7.334879533947015915e-06 3.510110632705205624e-01 5.608316402568723484e-06 3.772470371809209279e-05 6.440573979903217021e-06 1.762108867195072908e-05 8.089900747625497935e-05 1.181542008990637599e-05
1.179831301499125572e-05 5.316609319302635215e-06 4.209286044672015724e-05 9.903244977255999931e-05 1.605465557635107440e-05 2.861174300892422661e-06 2.235612276404124301e-05 3.408281214181309310e-05 3.237857951294172414e-06 1.511774465198319761e-01 1.746778141484661747e-05 7.372481146798880964e-06 4.599741151430294939e-01 3.104010288734720930e-06 1.894425106393529386e-05 1.904694624717495917e-05 3.885304142718186693e-01 1.172806443779076122e-05 3.527675432633449295e-06
2.577944990150657112e-05 7.754320344719330580e-07 6.525942872230837974e-05 1.209096614017135766e-05 4.202853707000741920e-06 1.585413821523901045e-06 9.369958795986389135e-07 8.154684988740715281e-06 7.756205532041695103e-07 4.893060231384875730e-06 4.655011990982564979e-06 9.968023183507180913e-07 1.899141601483142722e-04 5.136429529416702446e-06 3.800954993784731450e-01 7.981306237294114191e-06 6.195454476619809414e-01 2.297294852625379050e-05 2.942394815501447232e-06
1.973227140045797162e-06 5.393333243967373551e-07 1.113989585210701800e-05 4.988548463661687641e-06 6.089260769219196003e-07 7.316953327350837012e-07 2.449286805263547831e-06 1.259902614295424504e-06 1.584844462351673027e-06 9.333521354674796463e-07 8.564673170963707507e-07 1.413416209438799832e-06 9.228352857057097651e-06 2.438487627217994240e-06 3.947157626576346952e-06 1.720968683418275164e-06 9.999496090595887399e-01 1.877602851540893320e-06 2.699475031729819579e-06
2.483138922339038853e-06 8.525957627677201474e-07 1.032386833247278018e-05 5.863601074739549913e-06 2.852876379823932884e-06 3.108041817239428795e-06 3.661669489689806471e-07 1.588768021135630594e-06 7.785207782064831561e-07 4.198361915654179983e-06 1.579688197531557171e-06 2.919710387696198255e-06 4.866729382491890236e-06 2.033885001961705361e-06 3.017677821699470746e-06 3.418735054141312073e-06 8.881373302694141048e-01 4.781999353045905587e-06 1.118076353654339355e-01
1.030098341147739814e-05 1.340626994932185602e-06 6.688802104451170646e-06 6.711487814626155638e-06 2.288735779316585003e-06 1.503312934062493437e-06 8.067084324782698796e-06 4.739195794910818838e-06 4.728049005351768633e-06 7.615041889120927054e-01 7.680893620538133327e-06 2.735562285717455537e-06 7.904959830051916229e-06 4.758799869194582444e-06 9.013084524363016640e-06 4.167443115915579853e-06 2.384047665335453092e-01 5.855895700148431710e-06 2.559637252163082695e-06
6.942998623299958124e-06 1.891888865334443119e-06 1.235213821869126094e-01 3.640373378469618893e-06 2.917503364036085661e-06 3.284315473313822485e-06 1.067505180986085152e-06 4.464549278345930393e-06 1.383620304222874633e-06 2.849934454306488478e-05 4.198883626159609218e-06 2.253895441687568419e-06 5.339226829431863425e-06 3.721263073386268241e-06 5.861767337737029553e-06 2.861823391146505471e-06 8.763869615247104061e-01 1.187983202174115400e-05 1.447497644722912804e-06
4.117824109712889067e-06 1.419920557875924904e-06 1.711348401195839178e-05 1.777711137456999269e-01 4.373067049856268900e-06 2.303873063805296977e-06 1.499685231544851736e-06 7.435198777106864738e-06 1.077319903281096281e-06 1.356200578702956891e-05 1.928331945034096435e-06 2.054450245754892510e-06 2.393244674159230792e-05 5.109990996203809323e-05 7.183479607293111679e-06 4.694745303105490155e-06 8.220536417370055693e-01 2.740027034559919063e-05 4.048504652053144338e-06
4.502010776675287243e-06 5.573474728192639111e-07 1.500882134718216271e-05 1.836111612658951048e-06 5.720698360966837824e-07 5.512709746611930436e-07 6.175380291602772749e-07 1.144668300574471105e-06 4.863455897056114769e-07 1.595255362680011036e-06 8.428426562178173232e-07 6.321506165865300460e-07 2.740393517109658728e-06 1.679886390745195629e-06 6.933051091355173078e-06 8.014413905131438570e-07 9.999554675716242347e-01 3.071583279429212310e-06 9.596401315636452446e-07
1.964339381955891084e-06 1.822312083408052619e-06 2.449222358706128200e-05 4.507640748380000000e-06 2.332072078786379688e-06 1.475566754973287656e-06 1.648470198175486877e-06 1.324134811360787034e-06 1.610546005652344111e-06 1.914162105941655311e-06 1.265575480693380743e-06 2.376439913492585729e-06 4.305732165797920940e-06 3.933895703921101655e-06 2.630110044696638898e-06 1.986897927476746759e-06 9.999274232465704682e-01 2.755194330050696484e-06 1.023144010755162841e-05
8.049810551190016849e-06 4.495839568216928285e-06 1.436590636443699506e-05 2.818544904498305372e-05 1.332194163938861304e-05 8.227391767872343654e-06 3.586149293935244484e-06 2.603877383653371846e-01 3.665490182551417662e-06 1.191112321529118390e-05 9.480153938686024560e-06 2.430233915929258179e-06 2.426787226894131378e-04 7.973939342270786051e-06 3.337139184738382447e-01 5.172208064176184370e-06 4.054981883760788164e-01 1.336730950852315813e-05 2.324311565894284266e-05
1.972065265271909695e-04 1.008812676379801326e-06 1.253978145562891175e-05 1.069862253357232475e-05 2.154885666464841302e-06 2.292896393138450542e-06 1.884605075629383187e-06 5.256404763606861624e-06 1.424076110332467210e-06 3.736402907412421172e-06 3.451249358672884023e-06 3.495895088975291767e-06 2.180430094419013752e-05 6.591519309648033535e-06 7.431473503128478676e-05 5.059869374425726075e-06 9.996318828695696102e-01 1.363051479063211428e-05 1.566032423288531506e-06
9.689355429967574132e-06 1.147399235070479595e-06 2.322282635840454456e-06 4.903591773207417680e-06 8.676202926030936887e-07 7.894138145584184787e-07 6.847150490732025391e-07 1.431524133502465616e-06 8.550180899610759202e-07 2.470937348788070439e-06 1.419155010551717201e-06 1.068574776264801352e-06 4.605607824939483212e-06 2.725297729327145405e-06 3.824139237256647888e-06 2.463064555652293336e-06 1.547711117022498051e-05 2.452853527787806213e-06 9.999408023383654642e-01
7.265420950237193693e-06 4.635348866583624575e-07 7.336001642389170524e-06 4.752942339530740563e-05 1.226496696299954388e-06 1.693264075129132682e-06 1.231063460400667513e-06 6.281853199263246090e-06 2.853192977363934793e-06 4.910711353297184481e-05 2.977119991350326090e-06 1.956333171750333082e-06 9.556722516247331692e-05 1.084823740661556607e-05 3.822026949270700413e-01 3.274718044060362092e-06 6.175426100387079176e-01 1.249296395678401516e-05 2.591071672968948733e-06
4.502903270458342145e-06 1.370474220881680325e-06 1.772467431715664583e-05 4.949907373749522717e-06 3.932663516929014574e-06 8.957572965127276317e-07 2.156109697184725936e-06 1.389954344139092095e-05 2.039768906602207400e-06 3.548433435109477618e-01 8.500214742199472721e-06 2.710403620024984851e-06 3.688037860926536096e-06 6.634810568431332676e-06 7.182657947137374226e-06 9.272683892692961655e-06 6.450472000642478720e-01 8.091407572446798112e-06 1.190440655977815612e-05
2.517534321682174418e-06 4.047622524462729626e-07 5.030703876000835221e-06 3.295840872431018953e-06 5.894905699764881880e-07 3.447461862916131102e-07 3.480609305480321418e-06 1.424677894647030846e-06 7.413839129940045870e-07 1.662220206929924197e-06 1.770300875025404544e-06 5.003986391937735506e-07 6.827264176057592640e-06 1.734589522895226776e-06 3.976515541319031896e-06 1.274738200475098160e-06 9.999623558274365331e-01 1.129495800326599765e-06 9.389004091237869016e-07
1.452245284802087971e-05 2.871075631932571136e-07 3.497179334632551022e-06 4.246644312110457271e-06 7.205199963659997945e-07 3.517587490232303909e-07 2.225459854822565101e-06 1.302131343366742266e-06 2.132041471433445249e-06 2.419037535070052953e-06 2.821848864992459651e-06 7.090044592602076591e-07 3.210790243674106196e-06 1.657304182597844457e-06 2.370339613727927840e-06 1.487817094425941884e-06 9.999492070207194327e-01 2.621078669435918947e-06 4.210463144503555046e-06
5.568599955252443218e-06 1.215783115228298589e-06 1.654224107512263832e-05 1.949277560435448326e-05 1.066604297172002856e-06 1.349885614826975522e-06 2.337522247776735970e-06 2.770715914235090526e-06 1.497447702364406578e-06 5.426108477213631624e-06 2.501853930344066148e-06 7.333743483737055095e-06 2.963747515992812596e-06 8.048893292245375223e-06 3.349921373805518407e-06 3.738765181252300519e-06 9.999011444083598654e-01 1.041424710160707681e-05 3.236735757546875253e-06
7.186659632104248839e-06 6.096206715141655964e-07 2.017181857887868232e-05 4.812625737802150329e-06 1.623516506414428816e-06 1.917037117440487933e-06 9.267864482355253811e-07 1.850983001717965457e-06 1.230493677741184692e-06 3.234520419733988532e-06 1.394899268649817705e-06 7.750884007176736060e-07 6.932938767291899262e-06 2.491721633682159064e-06 4.809518375140608870e-06 1.687482383252144856e-06 9.999237231320914354e-01 5.045482221977724205e-06 9.575675066377327386e-06
2.381178015017981812e-06 4.223322563906805814e-07 4.075138164639277905e-06 1.318590045906503933e-06 1.326982158079568827e-06 5.860565847724542816e-07 3.983309556993814105e-07 1.230698131767742430e-06 6.559616700838172206e-07 2.100117564520454940e-06 8.256557255545144601e-07 1.057011574097613618e-06 2.846795247427637095e-06 1.683428790071417462e-06 3.873616924552788570e-06 1.393413770519203085e-06 9.999696749639448434e-01 3.233066765891167648e-06 9.166617100766739118e-07
1.945990372024255526e-06 1.792058967496681994e-06 5.425402511834519808e-06 4.945410986076604761e-06 2.681447061792164058e-06 1.148598639095177427e-06 8.743566513673046443e-07 2.261242651300991330e-06 7.287549500313345748e-07 4.746079652907232062e-06 7.962772855764003938e-07 3.305707420419942190e-06 4.959983360566358986e-06 1.927785976867290528e-06 2.709282026203515192e-06 1.889186626744373435e-06 9.999426496373733375e-01 2.145003869142733267e-06 1.306779361719972157e-05
1.293659666993116563e-04 4.170087357586241543e-06 6.122725477117649315e-06 3.895395235070990108e-05 1.243665856649858362e-05 2.661041569107199151e-06 3.406207686793194080e-06 2.432116657436574400e-05 1.894614465149424970e-06 2.076854665504987707e-01 6.545059210659584845e-06 2.945976830110873074e-06 1.903406588479682041e-04 8.765215178836485011e-06 2.755690084879687807e-01 5.924389206882120862e-06 5.162897493005413896e-01 1.235859755343810116e-05 5.563343416398265260e-06
5.073965613235259722e-06 4.670193683857299666e-06 1.571981270585862762e-05 4.186184230980112424e-06 2.639561520247787909e-06 2.359504538765759047e-06 1.769636669561270603e-06 2.279000561770234094e-06 7.499625143724591151e-07 2.444047581872042628e-05 3.117144023426261609e-06 2.658340757327906319e-06 2.777925810469183343e-06 3.402880352934043078e-06 3.331095013612953465e-06 3.452153857468864891e-06 6.078250667980543698e-01 5.140453394460877700e-06 3.920871649108785828e-01
2.714311857601575634e-06 7.211015209676683059e-07 6.043148745375459959e-06 3.097852708479214811e-06 9.144615599748527483e-07 3.511830200073898812e-07 3.618687084983868920e-06 1.068228912724936167e-06 1.217423360224273166e-06 1.157045623090292765e-06 8.245421394928874931e-07 1.591323431172748442e-06 2.989813285802005908e-06 3.071619088837774612e-06 1.630739059970783856e-06 1.159543929426919300e-06 9.999563963275633904e-01 2.038659726779257054e-06 9.393987381818611645e-06
2.876947922878890366e-05 1.815631261726698187e-06 5.468238547248791971e-06 7.847228779099602090e-06 1.756727561751039949e-06 9.069576071927127188e-07 1.151751692976330221e-06 2.329754612813951455e-06 7.245609459391147570e-07 3.933751933425906325e-06 2.062997780639714835e-06 1.713154862190429437e-06 1.730283920940713603e-04 1.266959776216943786e-05 7.193865046004310759e-01 2.474825559794357739e-06 2.803596814662719372e-01 4.687873824999649183e-06 2.473009242203278316e-06
7.099399444128424858e-06 1.249907433285298501e-05 1.359970360836544385e-05 8.131424353969395662e-06 6.884410162818869858e-06 1.804867134846196152e-06 2.173634875997110051e-06 2.146675146400776998e-06 1.941758979521019859e-06 2.387858195388571824e-06 7.584560904845571643e-06 1.529680745137639968e-06 4.468146576240930069e-06 8.787234948680964144e-06 3.242830113013343278e-06 3.508298429547045701e-06 9.191186321448001628e-01 3.872018720413490656e-06 8.078970627852768982e-02
2.399495386563193534e-06 1.427890436486617626e-06 5.302595595536490410e-06 9.359477260674964997e-06 7.589618878039413941e-07 1.019531598207822073e-06 9.033678453127290507e-07 1.637602665271892526e-06 9.922388523715661573e-07 5.718420959753576911e-06 1.590789147690859337e-06 4.631701702781240281e-07 2.306529738777464805e-06 1.436518999125996280e-06 2.197552081795679946e-06 1.660583765726736173e-06 9.999560939021969741e-01 2.578845938305164977e-06 2.152525473423329817e-06
3.570715596017762239e-05 4.963349247385879418e-06 4.169590693873718168e-01 9.274040196960914168e-06 3.293632468234257700e-06 3.419271903692520862e-06 1.992649491111534174e-06 1.305201445185712338e-05 9.401842176808987005e-07 1.671545863248147801e-01 1.696233859331973791e-05 6.035685095650988348e-06 2.160470136251801875e-05 9.098290251687297028e-06 2.492000748732068499e-05 4.678939415469141629e-06 4.157171731803228076e-01 7.442484728919079004e-06 5.786362618631318975e-06
1.448498879015217626e-06 2.168142867377847642e-06 6.720890371755293569e-06 3.692804658245870148e-06 1.262282216451404017e-06 1.326338925591983672e-06 1.068460253291873516e-06 1.762031857237350777e-06 8.246865317427049290e-07 2.271623132670525298e-06 9.837271748698665210e-07 7.414302354210841073e-07 4.088750666922123380e-06 1.290081191658995022e-06 2.444929466522225920e-06 1.653774015637333872e-06 9.999342694180951563e-01 2.415127429225328385e-06 2.956700203131583005e-05
5.436408533354573801e-07 3.971795160792211435e-07 5.753957462989088790e-07 2.114297009010746177e-06 1.218609594682778159e-06 1.044084154231094937e-06 2.028333550872684988e-06 2.155772495073681740e-06 1.472142111646861307e-06 9.999765002010140291e-01 3.727745518254760040e-06 1.289310112847122658e-06 1.467384287368246080e-06 3.242963311634068340e-07 1.571476797258518600e-06 7.302968231085500626e-07 1.120766145532709862e-06 3.785696697331051611e-07 1.340498269642843678e-06
1.654793554074229452e-06 1.359704786428606165e-06 9.802511776526331137e-06 6.684012846105215987e-06 1.091957708606230152e-06 1.127174625758162194e-06 1.042495455009540451e-06 1.256300191818025561e-06 1.000837145921470177e-06 2.863603911286699892e-07 5.752629930891218771e-07 1.146661107626093314e-06 8.513064908291126959e-06 2.881878142961717825e-06 2.640930121001674889e-06 1.743838193203387314e-06 9.999502309163981195e-01 2.356872518366131139e-06 4.604427135778998607e-06
2.610420151266603584e-06 1.985150826604316705e-06 1.379673708032929191e-05 7.332648745300153753e-06 1.235827791622516068e-06 8.254705379133914490e-07 1.632501389937168578e-06 2.716334163965576146e-06 1.069706601483768276e-06 6.143787275200294218e-01 4.530232691942602354e-06 1.011950930108406338e-06 4.385581742700223542e-06 9.457725812643084488e-07 7.250917623138411517e-06 2.254851621976002556e-06 3.855612780898184933e-01 2.000588294963691461e-06 4.409697377446393577e-06
1.012953055829793860e-06 6.146325306069392989e-07 6.044906589028618283e-06 5.705625445631606137e-06 1.444973627249982375e-06 6.063876859831621919e-07 9.945590845749517694e-07 8.327502313776488783e-07 3.102668997722439208e-07 1.834772829336267001e-06 1.046306996546651571e-06 9.840552945519396525e-07 2.759658418753901418e-06 1.529841534059755897e-06 2.219644836803544484e-06 2.280796441269882004e-06 9.999636155324418407e-01 4.709679788216226272e-06 1.452656268535221750e-06
7.327468911682901982e-05 2.111428647005118690e-06 3.137518690043565638e-05 3.276934704043273154e-05 1.193516221083675168e-06 3.302150020170516499e-06 1.330790356092919206e-05 6.529762115141317749e-05 4.796542085959605143e-06 1.966505973824336229e-01 1.385513878045011943e-05 8.149097309163376475e-06 3.084942986347423144e-01 9.417414870229893825e-06 4.945368948366250517e-01 1.160839820568182240e-05 1.191060343486602460e-05 2.918174933828892261e-05 6.658359516009063846e-06
3.339810758744370225e-05 2.588891988010747632e-06 5.939257115467894144e-01 8.842807476612979823e-06 6.769064386551752498e-06 9.095445638040560113e-06 9.360169308314640787e-07 2.101246196362004524e-05 2.881841706318104465e-06 9.581466980507410416e-05 5.499832830438410837e-06 1.479670863365273080e-05 1.262574293193408637e-01 2.883284701735884729e-06 5.797682456797480802e-05 3.135350019262537164e-06 1.333338331480096064e-05 1.523869469618016108e-05 2.795226557476232498e-01
1.013889241793800465e-05 2.167763660678681462e-06 5.274695618546756025e-06 1.982083654986608478e-05 2.697309411851016475e-06 2.907431299073741454e-06 1.565793184003650238e-06 5.649132825580898377e-06 6.632348811833627952e-07 1.210405216971960521e-06 3.374440061616398782e-06 8.373453296617136717e-06 4.464035140859358708e-01 2.171077176035625844e-06 2.176869354223420389e-05 4.375935759539727398e-06 2.604890400322109056e-01 2.236190214308521573e-05 2.929929248848082701e-01
5.323050889894515872e-07 2.408893214370516436e-06 1.044170298463845335e-06 8.739156163267938990e-07 2.101318828571522996e-06 1.023174217982883235e-06 1.194882428425771258e-06 2.163755360764713836e-06 9.030766180048880928e-07 9.999671139360257754e-01 4.798923689580251214e-06 1.358421294064944920e-06 9.966081528529520615e-07 5.057105679763001132e-07 1.369455613413241755e-06 9.942223990263310634e-07 4.059990410775077319e-06 9.061109843813708949e-07 5.651129190186886166e-06
5.930794497655318432e-05 1.183138721584239610e-06 1.061392110631208362e-05 7.106031919739144666e-05 4.344666362866335814e-06 1.008091017203349376e-06 3.604558873907060868e-06 3.158605690867500884e-06 1.324083491836042370e-06 2.644357326620505204e-05 2.272111202307624580e-06 2.388964761991401545e-06 2.176137860445830118e-05 5.582893873565107831e-06 2.618227782111426927e-01 4.405204342833869692e-06 7.379398679657460658e-01 1.485713659903976980e-05 4.037231022228057006e-06
1.111936260193700899e-06 7.424917575290518498e-07 7.411676150838873269e-06 2.807001677658062462e-06 1.552228552305914378e-06 1.146745055332071462e-06 1.419257919544171698e-06 1.080173694283709791e-06 8.033377262267995852e-07 6.934481501783902919e-07 1.390613701003180729e-06 1.121694152058841428e-06 2.239918270339302268e-06 2.523338545788603349e-06 3.622535017642437976e-06 1.222392760082825352e-06 9.999493861692190233e-01 1.880865638769129354e-06 1.784417575129694264e-05
3.001105160716772863e-06 1.279246462998371636e-06 6.307826439928360674e-06 6.280809331873432599e-01 3.517978096187216074e-06 1.460353786522790740e-06 2.035962066080035873e-05 5.245927628904972426e-06 2.442414988990131811e-06 4.462029495020020326e-07 3.251564187958243002e-06 1.110494046643491353e-06 1.157961594072152963e-05 6.358474875766277463e-06 6.648577209543360606e-06 2.241342097918644674e-06 3.718334013698014751e-01 9.051793409184187748e-06 1.362904913123947220e-06
1.452202477002779783e-06 7.219862367894789375e-07 1.043979313971874237e-05 3.145091477476241805e-06 1.805246768811628370e-06 7.503121574142986270e-07 5.887736115174166076e-07 2.659844659122342302e-06 5.402914921031663781e-07 1.236736799716603986e-06 1.514457067912596128e-06 2.328652899452503388e-06 2.146216382694327110e-06 2.659226505299887989e-06 2.217987765462536068e-06 1.474919745057207337e-06 9.999604923491685060e-01 3.303808140178185998e-06 5.221035057942159486e-07
4.025189561790667725e-06 1.950657545397030455e-06 3.877146826320810275e-06 2.193976340791489418e-06 6.576990638121014762e-07 7.902001687734618318e-07 2.715027109155881407e-07 2.904369459219826175e-06 4.858537726090167925e-07 4.253980267376003903e-07 1.368202142810097252e-06 1.015628147092824009e-06 9.999479700488699274e-01 1.143652648110652702e-06 1.926251247738211442e-05 4.842069256860937894e-06 3.476515765571739611e-06 2.634637265811430582e-06 7.047399501456992756e-07
1.768995037648284734e-06 6.456839183841731898e-07 4.845428652387072436e-06 4.143421996427295685e-06 1.275254042624369412e-06 6.311820396399152361e-07 6.622207305840332515e-06 1.403014787617009837e-06 1.437886511973281212e-06 6.628764735751140814e-06 1.123026859705920441e-06 1.498894440746481781e-06 2.205158475379358430e-06 9.081147679341805981e-07 1.887669178176790967e-06 2.173891575114247051e-06 9.999569696479131409e-01 1.762824339007101070e-06 2.068933422376869638e-06
1.491150085141162381e-06 1.278979312367377963e-06 3.687262866104510331e-06 2.018156438354217065e-06 1.553300638216027499e-06 9.314877073476133007e-07 1.455028439568672697e-06 2.651677720631223801e-06 1.291681302057681879e-06 9.999620800355550898e-01 3.966103358082934402e-06 9.387369830532235418e-07 2.987385436756479281e-06 1.108466910020405752e-06 2.047198109637298997e-06 1.548107361480892546e-06 3.309473915647029584e-06 1.186044728943443716e-06 4.469723131532658264e-06
7.183193780971887287e-06 7.093893956967927902e-06 2.182576772820639943e-01 1.282452333289720284e-05 2.740513559208898836e-05 5.454299155668163334e-06 3.268332025200122259e-06 1.112652758743988827e-05 4.625446867386714242e-06 2.979811851380303328e-02 1.614051435748362889e-05 1.484758388926615824e-01 4.875774579834291051e-05 1.023329626535560534e-04 1.374693478459621084e-05 1.425213257639314346e-05 6.031705502244971706e-01 1.998619079892446196e-05 3.617253706122790626e-06
7.861184990989347383e-06 2.193371817481252972e-06 1.792236437308615253e-05 2.940674420543007862e-05 2.539658262533657875e-06 2.012132748502735198e-06 1.079855321008204418e-06 5.685767940762062000e-06 7.852074671427473901e-07 2.904987407723495613e-06 3.627322002813836841e-06 1.742296760505034002e-06 9.072167102415391339e-06 1.360445680495466782e-04 9.461414368325850378e-06 5.276610332685315100e-06 9.997421879628115571e-01 1.039483330523611297e-05 9.801550732076150696e-06
2.296384569467018030e-05 2.985569496479453832e-05 1.481582145888003244e-01 2.119418942113683048e-05 2.880739351625135732e-05 6.886603423003850275e-06 3.579600103543485193e-06 1.970178225593715354e-05 2.642630177182805380e-06 7.054343273083255594e-01 9.561621057884653606e-06 1.042190895040163907e-05 2.365234701737816070e-05 3.598150286053399916e-06 4.710518136473176935e-05 8.424269632275526183e-06 1.461486851583503055e-01 5.553654819783358497e-06 1.482407183872757567e-05
3.709955925511417474e-05 2.231902026797111060e-06 1.620317263074589061e-05 2.001373642132672640e-04 5.069342627743986780e-06 1.481967607733504992e-06 1.777380944933292064e-06 9.379734595756399133e-06 1.149570067161293623e-06 3.534013312395100498e-02 4.231801912767970074e-06 2.625698664046928521e-06 3.239302030552078104e-01 5.285533815148720348e-06 7.182479549843361402e-05 7.435986020525134319e-06 6.403179241703464974e-01 3.916135628756342379e-05 6.644484326866854974e-06
3.998734400327678712e-06 9.308579788555439171e-07 8.477079934766369962e-06 3.578892442218081396e-06 6.363584882537970475e-07 5.730154301281232865e-07 4.892990679192602120e-07 1.094139029319886493e-06 8.481036304298569552e-07 2.531957688252366584e-06 2.249489573826073958e-06 7.172081517381192449e-07 3.196099938715529996e-06 2.883849038261788698e-06 3.828250120864362980e-06 1.391984525686802535e-06 9.999559177822456846e-01 3.896451616473020169e-06 2.760446698341287427e-06
5.013153634011111579e-05 2.961317596864763264e-06 7.086132240831004402e-06 6.224272236387455859e-01 2.414547005734270488e-06 4.469603118083841050e-06 1.016840955625406739e-06 8.644656100080297029e-06 2.038335124509530520e-06 3.581600169643618641e-06 2.969609470551671033e-06 2.553944438749257251e-06 5.971913193099325076e-04 1.607770781192853349e-05 2.802665827814963539e-01 9.802553886108962081e-06 1.789009593417593711e-05 3.609049470058953591e-05 9.654127328555470178e-02
2.482650870547957729e-06 2.425825827111518572e-06 1.232931327870336848e-05 1.092051823569061822e-05 5.072882852489884267e-06 2.964339569555024273e-06 9.915400054052340235e-07 1.435641180107370565e-05 7.024754718646317607e-07 1.055145493450908915e-06 3.359002357746703505e-06 3.540496328916274972e-06 8.991800022312764702e-06 4.882338253403467609e-01 1.233231149037040458e-05 1.510384532587179861e-05 5.116456323193597777e-01 1.517688977962596560e-05 8.736891582722292423e-06
2.508703150386478267e-06 6.015425178056030274e-07 3.634129710958040908e-06 1.222294303021618730e-06 2.175890406120019832e-06 8.894313169451536676e-07 8.366472226959853192e-07 1.011854431811418154e-06 7.059413741817219604e-07 5.328553359147461244e-07 5.201750957986219287e-07 5.427687258247466266e-07 2.370527987528317308e-06 6.546608634136798478e-07 2.006825269724084919e-06 6.713067052574325884e-07 9.999746031462410922e-01 1.351366877258605416e-06 3.159932464171046490e-06
1.609728274002203015e-06 1.550225792800075943e-06 8.981433120724131820e-06 2.450855654735602350e-06 7.496830334716074749e-07 6.453474474306322338e-07 1.519481831364996102e-06 2.790921126466497481e-06 8.835444014873503712e-07 3.359394916816693111e-01 5.280392371844363783e-06 2.386188118387223663e-06 2.219733194304754438e-06 1.146086410091255056e-06 5.167666645967629802e-06 2.106838113496579810e-06 6.640163322654762945e-01 1.551187520514285278e-06 3.136739797273303459e-06
1.521447035453755380e-05 1.293594689071672852e-06 7.373433687222635315e-06 9.875930532968588921e-06 1.066038471567304705e-06 1.761821203734618287e-06 4.062589386113778449e-07 3.158445717701616280e-06 8.574794500636993553e-07 3.634846071672047648e-06 3.396954728427514826e-06 1.252548106733023253e-06 9.180441601732583384e-06 3.828468554573990102e-06 5.919483765982089925e-06 3.393193917323072164e-06 9.999078087124885217e-01 1.364257814235793765e-05 6.935299577211386348e-06
3.598823137182392589e-06 1.794487742310219608e-06 9.951094238733390731e-06 5.321003268844041185e-06 5.338163724076513439e-06 5.074657283998552779e-06 2.346744370972174580e-06 6.252751247840451025e-06 5.823326809028775356e-06 4.497565798671721016e-01 1.945461431814538526e-05 7.439235140770505911e-06 4.821540128435690245e-06 1.441921318766843227e-06 3.936857713760367684e-06 3.684850131493017343e-06 3.741072022597166091e-01 4.526317676949293047e-06 1.760454114848600815e-01
7.212443385178815339e-06 1.339404812202851607e-06 7.062152559073269491e-06 5.483539920431278750e-06 1.641652441035716044e-06 1.015255868369746868e-06 1.018214941936837855e-06 7.326087915847885418e-06 7.221207106590595991e-07 3.164377246414829536e-01 2.737740791284338110e-05 7.611130591561777206e-06 1.562150460466860846e-05 2.990062747066482809e-06 8.058238805572726660e-06 7.331503721864061138e-06 6.834245443652355867e-01 1.191343543458626511e-05 2.400683690858764171e-05
9.480943947220067211e-06 1.068028567637011292e-06 4.807803965516950495e-02 4.168686282039060775e-01 8.134735332104477349e-06 4.757629595373915792e-06 9.333645803989441326e-06 8.747440243202505108e-06 2.405494281163086447e-06 5.344001508145935775e-01 5.087797281657449610e-06 6.778210537555683432e-06 4.122037331418174072e-05 7.918058812072188948e-06 1.447563527047373556e-05 5.634167617789415163e-06 4.862697731354604399e-04 3.782560106708477419e-05 4.043791523940672433e-06
3.515641010130583004e-06 2.870221539194286865e-06 3.710526692841510436e-06 2.992585421409857536e-06 1.741128990529768779e-06 2.574226789323986650e-06 3.931812665824074840e-06 2.773405994573958343e-06 1.435270343683052385e-06 5.592046023485484074e-01 7.395398543268433916e-06 3.677327352723054896e-06 2.496167771529437525e-06 1.241758168644536587e-06 5.983625835201899189e-06 4.511603586609560714e-06 4.447564132535456434e-06 2.139496614953224846e-06 4.407379598899984208e-01
2.108349312899590437e-06 9.523123043015819801e-07 4.875101868378652234e-06 1.190709029587312659e-06 1.733592152194228809e-06 1.133666632681850641e-06 3.644180026416661383e-07 2.536144517189046926e-06 1.960678397394460027e-07 2.337444560148167790e-06 1.544226680954955723e-06 9.255285573509975459e-07 6.154753274536478102e-06 1.838182038823425816e-06 3.830348280766641260e-06 2.147671298635052004e-06 9.999620472879930944e-01 2.938123890044212503e-06 1.146071766002933691e-06
2.460097811136329786e-05 7.784978698788170531e-06 1.386833476114546864e-05 9.294925014949617997e-06 1.205937623135903436e-05 2.190704558164817219e-06 4.294158529651313409e-06 9.959172568142632612e-06 3.581115462161861092e-06 5.236867071087790704e-01 1.587858743393508578e-05 2.538078440371066108e-06 1.898653948595202257e-01 6.385205320165854242e-06 2.102170102375152672e-01 6.401130710313010246e-06 7.605297884506546924e-02 4.560749811110164693e-05 1.346470516836217109e-05
3.777384508478400140e-06 2.970508196970057133e-06 6.269015030089888116e-05 5.657280484116007053e-06 1.023707642196736892e-05 4.344479595612423736e-06 4.174235748545730903e-06 8.985919263497013428e-06 1.241282204788072158e-06 3.987038667967107366e-06 4.116205454279001811e-06 5.341328769023297290e-06 1.344880311896753818e-05 2.598795739711654112e-06 1.431076420612254557e-05 5.119827156742214659e-06 8.013794998260045377e-01 1.392703447020881111e-05 1.984535720596875552e-01
1.332416726144330865e-06 7.154746922124648348e-07 1.051026454046738991e-05 1.940527127014367089e-06 9.379627864798972737e-07 7.945131086856171443e-07 2.777240463264126040e-07 1.661001956892438108e-06 2.120794860531756089e-07 1.122567662137090275e-05 2.414644183200231820e-06 4.661796229238584796e-07 2.086652287367621721e-06 8.977937029257891475e-07 2.077228629368876260e-06 6.783729067639662382e-07 9.999588031362930396e-01 1.243673876753595840e-06 1.724677405931196119e-06
1.885194798812089605e-06 2.434222199207285987e-06 1.307099064941565786e-05 7.786290715352496767e-06 1.267642384313235067e-06 9.569307952123339067e-07 4.443951987491844756e-07 1.441274513007137788e-06 5.698418788361500651e-07 7.295194858668522099e-05 3.776973471652261549e-06 6.943909581983085121e-07 1.863445075968883033e-06 1.003335994050428011e-06 3.325608219958916930e-06 1.624558033960241648e-06 9.998802088996511239e-01 1.279033518035800895e-06 3.415023357477510845e-06
2.537458014804001860e-05 4.192188827043911551e-06 1.625784875795398543e-01 1.774040464243171672e-05 3.552628955081360844e-05 9.605717516248559918e-06 1.017715514675155314e-05 1.014180632639086622e-05 3.324722415291060645e-06 2.911428536155494240e-01 4.805195205149991362e-06 1.921294936292782982e-04 2.562246485674967445e-05 8.499277161934087194e-03 2.736146299481801943e-05 1.063858547844588167e-05 7.010598192258819534e-05 1.608022976614657777e-05 5.373165553645505854e-01
6.640294744271087993e-06 6.923996430871726580e-06 8.820986215263835925e-06 1.510359225610518411e-05 2.423952144539667436e-05 5.147414575446708321e-06 1.539481582240850576e-06 1.638555028520439355e-05 1.682221769369581488e-06 2.823143275343493123e-06 4.246296116010367047e-06 1.255456296780040615e-01 7.880046303453829115e-06 7.086690890082246943e-06 1.123442626882699337e-05 5.287661633517029179e-06 3.712220945237401093e-01 5.268332873508727299e-06 5.031019661415909727e-01
1.176478260385193483e-05 4.150980837607481431e-06 2.186269214686944630e-05 7.954745130090100019e-06 6.300670901741498450e-06 5.625843456517568127e-06 2.609292154039792197e-06 2.799139963818654202e-06 2.808771674054695943e-06 1.273875818252555519e-06 1.950286108304408599e-06 4.575251242768683249e-06 3.844999778437827381e-06 7.696946467594882303e-06 1.380779869553798217e-05 9.286623164767891179e-06 8.920332375779872480e-01 2.921576466172283621e-06 1.078555281454022796e-01
2.695981943297792576e-06 2.643151949180860622e-06 5.916289071038757963e-06 6.297257011624950920e-06 2.081446239515103826e-06 2.161415687103722161e-06 8.261088257019481178e-07 3.195751978315043358e-06 1.577731641413516883e-06 2.554784010097612139e-05 1.726343746497319609e-05 2.076737622332730056e-06 8.764371318871684815e-06 1.047766327530153563e-05 5.001220034105607337e-06 4.484665508732687152e-06 7.684796718226296619e-01 2.319218265197514363e-06 2.314169978894325963e-01
2.712821223828198010e-06 1.895521908572364258e-06 3.028081714385920299e-06 3.534906568356987466e-06 1.409494955942825417e-06 1.577865185986212938e-06 2.476680934563561532e-06 5.254941806937024802e-06 1.914127542816747051e-06 6.407049018258394180e-02 1.364629864298479529e-05 3.283409990865719984e-06 4.799364733685015053e-06 1.493139448543659519e-06 2.035270404461518206e-06 3.941655757135682198e-06 2.731643982050478497e-05 1.902832460728165879e-06 9.358472869643158498e-01
1.224994474931313774e-05 9.532152947963727905e-07 6.190386001977751722e-06 5.594370101122386751e-01 3.169676209951375022e-06 1.871856567144945676e-06 1.963641251561453206e-06 6.997858048367563829e-06 4.824615442862815125e-06 4.046890519110479256e-01 4.531334650698924410e-06 1.448692549523913773e-06 1.759382045366613930e-05 5.012805590586627751e-06 1.072705358687880616e-05 4.498067775561409062e-06 3.576821754603192599e-02 1.726847485877749407e-05 6.418987649973438490e-06
2.258191002879872592e-05 1.741790183857417423e-06 3.701919069536800944e-01 8.939281389929539299e-06 8.835842723465466030e-06 3.963387800205689070e-06 3.852134928674447867e-06 7.249732786305775872e-06 2.438905261382489990e-06 1.014589338213710631e-05 4.662807180086405681e-06 4.863533974497945998e-06 2.690380344009820623e-01 5.289323995718523547e-05 1.081380778751690789e-05 7.227483540522823305e-06 3.605100875360279233e-01 2.923508811887660979e-05 8.052627026656935909e-05
2.581550474486263514e-06 2.718968060016608203e-07 7.956723862186110014e-06 1.803581944658521019e-06 1.161210150273456720e-06 7.149774848615426143e-07 4.311334873821267047e-07 1.508544191873916228e-06 6.228397059418227361e-07 2.436386278060138140e-06 1.367181838961722255e-06 6.782540017427199234e-07 2.168197374699113310e-06 5.117964363606221866e-06 3.633266638881143714e-06 1.578438492704504275e-06 9.999602888281942104e-01 1.921353524124353232e-06 3.757671185264409396e-06
1.168796791064249440e-05 5.621237834800428651e-06 2.104961046786847645e-01 6.570262877175475924e-06 4.408945180921819427e-06 4.623420918556797458e-06 7.889948296706610353e-01 1.217297439827270040e-05 9.100949642888432373e-06 3.082434979591739609e-06 2.503074318902586900e-06 1.602347218587879265e-06 7.186670901056257761e-06 2.370396323129394976e-06 9.255062533632467698e-06 2.146815183807547711e-06 4.095893336663337914e-04 8.759595963461508258e-06 8.384160802211999667e-06
4.887426077309584230e-06 1.872304797010228757e-06 2.953822980008516837e-06 8.781123916662735285e-01 1.840567451982778224e-06 3.904399677638750763e-06 1.347655841890555657e-06 3.849615593971294036e-06 2.013162298064568773e-06 1.217885961012353940e-01 7.106206347302556020e-06 6.127508633518850527e-07 7.273170432749897310e-06 2.556713689059415566e-06 3.568977271173300268e-06 3.518127419721309831e-06 3.989659622570496892e-05 3.833293704394915803e-06 7.977441819468809262e-06
7.319390793388911494e-06 9.873280059908605215e-07 9.574351183872509817e-06 3.358061042095234465e-06 2.314473832814476788e-06 7.647241928197531337e-07 4.527221932556989256e-07 1.662537042360165900e-06 3.275189394404142249e-07 1.395198003882448091e-06 7.138359411351435622e-07 1.436624665977129311e-06 4.522018328624214643e-06 2.289782405142407940e-06 3.382178603097310940e-06 2.156619721165106724e-06 9.999474056831576529e-01 3.619556691847557851e-06 6.317395255355755647e-06
1.664678142802799738e-05 2.142537313913719422e-04 1.484333950445122507e-01 1.078321884619460785e-05 2.496361754710204583e-05 3.145282055293878082e-06 1.186599217923580983e-05 7.675041205083292634e-06 3.702298779569232422e-06 2.245768509313319714e-02 4.331594283792563511e-06 2.723217158654118730e-01 2.099575826580318239e-05 3.669821029095161553e-06 5.564074742322807632e-01 5.242157505464576270e-06 3.411372622756660529e-05 9.211840820294044837e-06 9.128903097976775178e-06
5.158161865728313718e-06 1.350425638484628480e-06 5.763179303924011441e-06 2.314940480063046723e-06 9.832158825257393511e-07 6.465536815974533010e-07 7.187408137704745363e-07 1.200264275093616700e-06 1.052845821500544580e-06 6.535378770447803448e-06 2.339294574629036949e-06 4.377914746114244908e-07 4.598619061142761377e-06 2.610370533125337764e-06 2.600677652128408684e-06 8.600512646105936075e-07 9.999566997261467582e-01 1.689025368813439789e-06 2.440737391165823629e-06
2.736030886644903100e-06 1.070114429023372038e-06 6.217876141980024704e-06 7.016345464712458703e-06 9.456411953708594361e-07 1.188893384789566520e-06 4.294712468836203373e-07 1.486075112760660555e-06 4.207138065657329900e-07 1.123818555040840977e-06 4.014235703756949360e-06 1.317275775335314483e-06 3.967926183813717824e-06 5.241462176828485186e-06 2.320516125286562683e-06 1.878809048948117556e-06 9.999501086896670499e-01 3.849695953164107338e-06 4.666409142055853603e-06
7.368167457159103951e-07 7.833105680669095738e-01 6.584683077493038135e-07 1.076177324350342223e-06 6.775815455100801412e-06 2.772097568197839546e-06 8.212568314687145298e-06 1.043833327830974755e-05 1.806638771571276632e-06 2.166203415576703206e-01 6.610172947729535137e-06 6.495093883550479743e-06 2.350499065910932776e-06 2.939475990740856434e-06 3.405317862752440572e-06 4.258025718241574694e-06 5.280407510038793910e-06 2.882431822805569151e-06 2.392034852541909588e-06
4.143047405182734535e-06 1.381153009311771559e-06 1.896499754443755953e-05 2.879937841948909513e-06 1.210812482346235601e-06 1.223673138183685235e-06 3.873331875250088537e-06 2.259675169624861467e-06 2.186394066603218972e-06 2.267223126250916470e-06 2.603050105529471682e-06 2.971147507473912270e-06 7.721767223445510236e-06 2.500989444748493474e-06 1.499285160067513675e-05 2.382309763532650729e-06 9.999214759833610078e-01 2.363394718803328381e-06 2.598260615610472879e-06
1.012609535926038500e-04 3.281774400294437122e-01 1.678440455822763713e-05 1.052391398780288746e-05 1.345202991826998034e-05 1.093008580141952024e-04 1.412776123408858890e-05 3.346287532258724571e-05 9.833084169431006354e-06 1.367949751040368200e-01 4.089418549149521583e-05 1.105253697000970500e-05 6.726101355974394990e-05 1.197484271558867450e-05 4.149161062178332042e-05 1.527564059827950224e-05 2.992732802699571426e-01 1.189112375888066646e-05 2.352457177620493889e-01
8.282002175949749689e-06 1.720349170258963942e-06 7.917689532695712369e-06 5.099970849978579608e-06 5.471591358907924072e-06 3.927434066783200957e-06 1.460971620889715612e-06 1.104117521353137684e-05 2.329456344760192934e-06 1.332384927348547072e-06 4.225183630392708958e-06 1.130254752491852106e-06 3.038156786037230495e-01 3.231954630623238471e-06 9.627377844131976400e-05 5.152369365503613331e-06 6.350852524824365242e-01 7.420675054731748678e-06 6.093305167270432476e-02
3.430956897294104324e-06 2.476012427243384293e-06 1.472920503699966955e-05 9.649667863511336122e-06 2.308214049429031311e-06 1.619252534842089323e-06 5.543822196522241783e-07 6.697718151841032287e-06 7.375396110899672245e-07 9.403775626562010554e-06 5.550771684171693215e-06 8.542101370148156034e-07 1.987886768304076529e-05 6.055748066694280691e-06 3.738011517163387866e-05 2.592220417289010803e-06 9.998558171705541620e-01 9.168862104663111777e-06 1.109530976288571264e-05
